# Data at [lat=   38.0068938875434      , lon=   196.003127824631      , k=          54 , time step=        1416 ] 
mam4xx:
  function: calcram
input:
  fixed:
    ncol: [         4]
    landfrac: [  0.00000000000000000E+000]
    icefrac: [  0.00000000000000000E+000]
    ocnfrac: [  0.10000000000000000E+001]
    obklen: [ -0.67125707893811381E+002]
    ustar: [  0.35924988097646271E+000]
    ram1_in: [  0.00000000000000000E+000]
    tair: [  0.28099575172881072E+003]
    pmid: [  0.10033206490283395E+006]
    pdel: [  0.30216498433312518E+003]
    fv_in: [  0.00000000000000000E+000]
    pcols: [         4]
    rair: [  0.28704231136504870E+003]
    gravit: [  0.98061600000000002E+001]
