# Data at [lat=   38.0068938875434      , lon=   196.003127824631      , k=          54 , time step=        1403 ] 
mam4xx:
  function: calcram
input:
  fixed:
    ncol: [         4]
    landfrac: [  0.00000000000000000E+000]
    icefrac: [  0.00000000000000000E+000]
    ocnfrac: [  0.10000000000000000E+001]
    obklen: [ -0.16627388804777090E+003]
    ustar: [  0.40690268534432839E+000]
    ram1_in: [  0.00000000000000000E+000]
    tair: [  0.28416023510365164E+003]
    pmid: [  0.10003838946892392E+006]
    pdel: [  0.30128053694362461E+003]
    fv_in: [  0.00000000000000000E+000]
    pcols: [         4]
    rair: [  0.28704231136504870E+003]
    gravit: [  0.98061600000000002E+001]
