# Data at [lat=   38.0068938875434      , lon=   196.003127824631      , k=          54 , time step=        1413 ] 
mam4xx:
  function: calcram
input:
  fixed:
    ncol: [         4]
    landfrac: [  0.00000000000000000E+000]
    icefrac: [  0.00000000000000000E+000]
    ocnfrac: [  0.10000000000000000E+001]
    obklen: [ -0.65152981850243947E+002]
    ustar: [  0.33974716390096105E+000]
    ram1_in: [  0.00000000000000000E+000]
    tair: [  0.28167491195400879E+003]
    pmid: [  0.10032208819866112E+006]
    pdel: [  0.30213493799984280E+003]
    fv_in: [  0.00000000000000000E+000]
    pcols: [         4]
    rair: [  0.28704231136504870E+003]
    gravit: [  0.98061600000000002E+001]
