# Data at [lat=   38.0068938875434      , lon=   196.003127824631      , k=          54 , time step=        1406 ] 
mam4xx:
  function: calcram
input:
  fixed:
    ncol: [         4]
    landfrac: [  0.00000000000000000E+000]
    icefrac: [  0.00000000000000000E+000]
    ocnfrac: [  0.10000000000000000E+001]
    obklen: [ -0.12250426770463375E+003]
    ustar: [  0.40228779619062000E+000]
    ram1_in: [  0.00000000000000000E+000]
    tair: [  0.28322182003113102E+003]
    pmid: [  0.10001065785706785E+006]
    pdel: [  0.30119701905659167E+003]
    fv_in: [  0.00000000000000000E+000]
    pcols: [         4]
    rair: [  0.28704231136504870E+003]
    gravit: [  0.98061600000000002E+001]
