# Data at [lat=  -4.98879105856447      , lon=   28.0026147968828      , k=          52 , time step=        1406 ] 
mam4xx:
  function: modal_aero_turb_drydep_velocity
input:
  fixed:
    dt:    0.00
    fraction_landuse: [  0.20918898065265040E-002,  0.10112323792561469E+000,  0.19104123086831826E+000,  0.56703179010502225E+000,  0.00000000000000000E+000,  0.42019237748858657E-001,  0.85693761223933115E-001,  0.66234294754917442E-002,  0.00000000000000000E+000,  0.00000000000000000E+000,  0.43754228462347953E-002]
    n_land_type: [        11]
    moment: [         0]
    ncol: [         4]
    pcols: [         4]
    lchnk: [       154]
    radius_max: [  0.50000000000000002E-004]
    tair: [  0.29860278995839013E+003]
    pmid: [  0.91890226170947557E+005]
    radius_part: [  0.69642719347056791E-007]
    density_part: [  0.10632558244113945E+004]
    sig_part: [  0.16000000238418579E+001]
    fricvel: [  0.12671545654070651E+000]
    ram1: [  0.26109513958368314E+003]
    vlc_grv: [  0.15288452217278327E-005]
