# Data at [lat=  -13.2292708024991      , lon=   139.817062054960      , k=          51 , time step=         355 ] 
mam4xx:
  function: calc_sum_wght
input:
  fixed:
    dt:    0.00
    dels: [0.4788446429E+000,0.3125264171E+000,0.5802880397E+000]
    wrk0: [0.5211553571E+000]
    iz: [         2]
    is_: [         7]
    iv: [         8]
    ial: [         4]
    shape_rsf_tab: [ 67, 15, 19, 10, 10]
    synthetic_values_rsf_tab : [0.1, 2.0, 3.0, 1.0, 0.8, 6.0, 1.0E-2]