# Data at [lat=   39.0553303768561      , lon=   262.904774388088      , k=          30 , time step=        1411 ] 
mam4xx:
  function: setinv
input:
  fixed:
    tfld: [  0.21463749906583735E+003]
    h2ovmr: [  0.39270189688617934E-005]
    vmr: [  0.43611588242326729E-006,  0.23736022054159735E-011,  0.22417421168401364E-014,  0.91373341720362335E-012,  0.69886311009362863E-015,  0.27957043692743301E-014,  0.99520698255244529E-010,  0.27558287507626707E-009,  0.13207736244613986E-008,  0.41019420576070078E-010,  0.31784580373173323E-011,  0.10756568918581837E-010,  0.33042051185119490E-015,  0.28880801029568405E+010,  0.12963080827445535E-011,  0.19685939760779090E-010,  0.17286469481496705E-014,  0.33405072089427780E-019,  0.25976243073579755E+010,  0.15054966950581832E-012,  0.44142801043708350E-011,  0.54162955144726079E-013,  0.30515821888627904E-013,  0.20714635856965220E-012,  0.74256483784332285E-012,  0.59109241135090421E-018,  0.55579290661981497E+005,  0.25324985256752030E-010,  0.38409111238794076E-011,  0.29169096280470085E-020,  0.23211493539569396E+009]
    pmid: [  0.13368217993210610E+005]
    ncol: [         4]
    lchnk: [       137]
    pcols: [         4]
    pver: [        72]
    gas_pcnst: [        31]
    nfs: [         8]
    boltz_cgs: [  0.13806500000000001E-015]
    num_tracer_cnst: [         4]
    has_n2: [         1]
    m_ndx: [         1]
    n2_ndx: [         2]
    has_o2: [         1]
    o2_ndx: [         3]
    has_h2o: [         1]
    h2o_ndx: [         4]
    tracer_cnst_flds_in: ['cnst_O3         ','OH              ','NO3             ','HO2             ']
    cnst_offline_yaml: [  0.61315405432338468E-006,  0.77543757304841945E-013,  0.21731590041452448E-012,  0.65644102607366263E-012]
