# Data at [lat=   39.0553303768561      , lon=   262.904774388088      , k=          30 , time step=        1410 ] 
mam4xx:
  function: setinv
input:
  fixed:
    tfld: [  0.21451731727510202E+003]
    h2ovmr: [  0.39016694262401204E-005]
    vmr: [  0.42961072897496138E-006,  0.24236944825043294E-011,  0.22883931069240908E-014,  0.93211479678469978E-012,  0.72513209151617797E-015,  0.31260582786218348E-014,  0.99573504809150407E-010,  0.27665470885828666E-009,  0.13248684649535560E-008,  0.41145832203768124E-010,  0.31687219257824936E-011,  0.10819062752558085E-010,  0.33360394662778940E-015,  0.28982565354002423E+010,  0.13006626296006359E-011,  0.19839080364732546E-010,  0.17486186817583339E-014,  0.34606676066007917E-019,  0.26512054564118123E+010,  0.15897755458835487E-012,  0.43992513836101673E-011,  0.54234134176202799E-013,  0.31294874001658020E-013,  0.21384412497653303E-012,  0.74564764770800037E-012,  0.57826185181223764E-018,  0.55732969793860437E+005,  0.25484287835821139E-010,  0.38655137044227395E-011,  0.29482657290753020E-020,  0.23356964945821261E+009]
    pmid: [  0.13368217993210610E+005]
    ncol: [         4]
    lchnk: [       137]
    pcols: [         4]
    pver: [        72]
    gas_pcnst: [        31]
    nfs: [         8]
    boltz_cgs: [  0.13806500000000001E-015]
    num_tracer_cnst: [         4]
    has_n2: [         1]
    m_ndx: [         1]
    n2_ndx: [         2]
    has_o2: [         1]
    o2_ndx: [         3]
    has_h2o: [         1]
    h2o_ndx: [         4]
    tracer_cnst_flds_in: ['cnst_O3         ','OH              ','NO3             ','HO2             ']
    cnst_offline_yaml: [  0.61320876472786837E-006,  0.77508501827847750E-013,  0.21730032760682282E-012,  0.65636828980380159E-012]
