# Data at [lat=   39.0553303768561      , lon=   262.904774388088      , k=          30 , time step=        1400 ] 
mam4xx:
  function: setinv
input:
  fixed:
    tfld: [  0.21390805888207677E+003]
    h2ovmr: [  0.37221011094297498E-005]
    vmr: [  0.36131057477260656E-006,  0.25270365986738321E-011,  0.25789639910452577E-014,  0.11295242724626928E-011,  0.95146326139913148E-015,  0.99564165973221667E-015,  0.10014511117825360E-009,  0.28613077075277038E-009,  0.13609914151496954E-008,  0.42199922687886022E-010,  0.30605734473488770E-011,  0.11447680698976295E-010,  0.36723090314955969E-015,  0.29972583843685575E+010,  0.13440923058599590E-011,  0.21877799614097163E-010,  0.19509403000538055E-014,  0.47806376933053150E-019,  0.32552574140427747E+010,  0.22480672941573356E-012,  0.30372659518983352E-011,  0.36674628401487195E-013,  0.30668525154568375E-013,  0.23240782218673402E-012,  0.47397576255801123E-012,  0.35568746556747589E-018,  0.44228491356472281E+005,  0.26915784518912488E-010,  0.40824111147107484E-011,  0.32504366230524438E-020,  0.24664327416181019E+009]
    pmid: [  0.13368217993210610E+005]
    ncol: [         4]
    lchnk: [       137]
    pcols: [         4]
    pver: [        72]
    gas_pcnst: [        31]
    nfs: [         8]
    boltz_cgs: [  0.13806500000000001E-015]
    num_tracer_cnst: [         4]
    has_n2: [         1]
    m_ndx: [         1]
    n2_ndx: [         2]
    has_o2: [         1]
    o2_ndx: [         3]
    has_h2o: [         1]
    h2o_ndx: [         4]
    tracer_cnst_flds_in: ['cnst_O3         ','OH              ','NO3             ','HO2             ']
    cnst_offline_yaml: [  0.61375590279168980E-006,  0.77155944088342874E-013,  0.21714461845201857E-012,  0.65564092805080017E-012]
