# Data at [lat=   39.0553303768561      , lon=   262.904774388088      , k=          30 , time step=        1414 ] 
mam4xx:
  function: setinv
input:
  fixed:
    tfld: [  0.21502209273915540E+003]
    h2ovmr: [  0.39974794375319376E-005]
    vmr: [  0.45800250246748714E-006,  0.22761467413294281E-011,  0.20963292451106038E-014,  0.85283145367054797E-012,  0.60787287163914857E-015,  0.13987803579928793E-014,  0.99328378722986527E-010,  0.27183068264418536E-009,  0.13048914553668875E-008,  0.40579160468344677E-010,  0.32117614720938387E-011,  0.10543325729325132E-010,  0.31945943411250907E-015,  0.28543742780287762E+010,  0.12847425081166995E-011,  0.19258204915996100E-010,  0.16674730581295559E-014,  0.29642210618100253E-019,  0.24410756055391383E+010,  0.12691527020961047E-012,  0.43725692859171041E-011,  0.52222550159297181E-013,  0.28051078286428288E-013,  0.18736232308577242E-012,  0.71491693735280678E-012,  0.59877719800550470E-018,  0.53942898739371471E+005,  0.24788247584604223E-010,  0.37596685403581641E-011,  0.28114179741192604E-020,  0.22719916592340168E+009]
    pmid: [  0.13368217993210610E+005]
    ncol: [         4]
    lchnk: [       137]
    pcols: [         4]
    pver: [        72]
    gas_pcnst: [        31]
    nfs: [         8]
    boltz_cgs: [  0.13806500000000001E-015]
    num_tracer_cnst: [         4]
    has_n2: [         1]
    m_ndx: [         1]
    n2_ndx: [         2]
    has_o2: [         1]
    o2_ndx: [         3]
    has_h2o: [         1]
    h2o_ndx: [         4]
    tracer_cnst_flds_in: ['cnst_O3         ','OH              ','NO3             ','HO2             ']
    cnst_offline_yaml: [  0.61298992682103537E-006,  0.77649523411990402E-013,  0.21736262090200795E-012,  0.65665923498667726E-012]
