# Data at [lat=   39.0553303768561      , lon=   262.904774388088      , k=          30 , time step=        1409 ] 
mam4xx:
  function: setinv
input:
  fixed:
    tfld: [  0.21444707801769744E+003]
    h2ovmr: [  0.38743599677194959E-005]
    vmr: [  0.42308576213010997E-006,  0.24770846713528925E-011,  0.23281682758526033E-014,  0.94886075624085546E-012,  0.74395289843604210E-015,  0.33064064304880097E-014,  0.99629355371825510E-010,  0.27763187883460178E-009,  0.13285580503702725E-008,  0.41257562400318662E-010,  0.31590396991183192E-011,  0.10879518993926383E-010,  0.33675613425175190E-015,  0.29079111334566665E+010,  0.13051964864015035E-011,  0.20039279296368639E-010,  0.17691076843872715E-014,  0.35862066441304549E-019,  0.27025652365054541E+010,  0.16653909225174311E-012,  0.43584058598175464E-011,  0.53636575756465370E-013,  0.31788449991685025E-013,  0.21854003566906004E-012,  0.73822040311773671E-012,  0.56154115123079068E-018,  0.55507593778527138E+005,  0.25627050746679766E-010,  0.38872837256842275E-011,  0.29776738619531249E-020,  0.23487149602544433E+009]
    pmid: [  0.13368217993210610E+005]
    ncol: [         4]
    lchnk: [       137]
    pcols: [         4]
    pver: [        72]
    gas_pcnst: [        31]
    nfs: [         8]
    boltz_cgs: [  0.13806500000000001E-015]
    num_tracer_cnst: [         4]
    has_n2: [         1]
    m_ndx: [         1]
    n2_ndx: [         2]
    has_o2: [         1]
    o2_ndx: [         3]
    has_h2o: [         1]
    h2o_ndx: [         4]
    tracer_cnst_flds_in: ['cnst_O3         ','OH              ','NO3             ','HO2             ']
    cnst_offline_yaml: [  0.61326347575088632E-006,  0.77473246296865555E-013,  0.21728475514317234E-012,  0.65629555355114473E-012]
