# Data at [lat=   39.0553303768561      , lon=   262.904774388088      , k=          30 , time step=        1402 ] 
mam4xx:
  function: setinv
input:
  fixed:
    tfld: [  0.21401014542123983E+003]
    h2ovmr: [  0.37369786572827370E-005]
    vmr: [  0.37426839621046808E-006,  0.25532433119459364E-011,  0.25345990493579713E-014,  0.10902515450806644E-011,  0.90188791622264223E-015,  0.17617892011414848E-014,  0.10004297103328440E-009,  0.28435971045151146E-009,  0.13546756931060294E-008,  0.41999981455590149E-010,  0.30808968836268420E-011,  0.11333053315896618E-010,  0.36094360578750090E-015,  0.29784340497546844E+010,  0.13387363655824138E-011,  0.21625676715807770E-010,  0.19180068681588952E-014,  0.45389974713892113E-019,  0.31526920777997971E+010,  0.21314052663242916E-012,  0.33973737775734601E-011,  0.41361370416564646E-013,  0.31353598358158037E-013,  0.23184926744896324E-012,  0.54423686856760508E-012,  0.39966851513570403E-018,  0.47448440890397505E+005,  0.26621465911374871E-010,  0.40374236910193143E-011,  0.31900149864826407E-020,  0.24394708354132730E+009]
    pmid: [  0.13368217993210610E+005]
    ncol: [         4]
    lchnk: [       137]
    pcols: [         4]
    pver: [        72]
    gas_pcnst: [        31]
    nfs: [         8]
    boltz_cgs: [  0.13806500000000001E-015]
    num_tracer_cnst: [         4]
    has_n2: [         1]
    m_ndx: [         1]
    n2_ndx: [         2]
    has_o2: [         1]
    o2_ndx: [         3]
    has_h2o: [         1]
    h2o_ndx: [         4]
    tracer_cnst_flds_in: ['cnst_O3         ','OH              ','NO3             ','HO2             ']
    cnst_offline_yaml: [  0.61364647023099102E-006,  0.77226456068067498E-013,  0.21717575753068091E-012,  0.65578640026364990E-012]
