# Data at [lat=   39.0553303768561      , lon=   262.904774388088      , k=          30 , time step=        1408 ] 
mam4xx:
  function: setinv
input:
  fixed:
    tfld: [  0.21438368611653519E+003]
    h2ovmr: [  0.38475415717215867E-005]
    vmr: [  0.41645626446331364E-006,  0.25335941309354949E-011,  0.23627291446254699E-014,  0.96452128365847686E-012,  0.75512462176878716E-015,  0.33333124942324404E-014,  0.99687067161885605E-010,  0.27857767828238478E-009,  0.13321371741576276E-008,  0.41363993747205965E-010,  0.31490061672785545E-011,  0.10941416519180417E-010,  0.33992080821260735E-015,  0.29175250559198036E+010,  0.13099614178054462E-011,  0.20279636448669957E-010,  0.17900257090935570E-014,  0.37161653912773094E-019,  0.27528005904777327E+010,  0.17368995775865838E-012,  0.42946301190265898E-011,  0.52498463551769564E-013,  0.31991376279168367E-013,  0.22185632819114895E-012,  0.72279870567100080E-012,  0.54165153562837918E-018,  0.54781456272887161E+005,  0.25763958594978042E-010,  0.39080653877267308E-011,  0.30066230498223157E-020,  0.23611840590082273E+009]
    pmid: [  0.13368217993210610E+005]
    ncol: [         4]
    lchnk: [       137]
    pcols: [         4]
    pver: [        72]
    gas_pcnst: [        31]
    nfs: [         8]
    boltz_cgs: [  0.13806500000000001E-015]
    num_tracer_cnst: [         4]
    has_n2: [         1]
    m_ndx: [         1]
    n2_ndx: [         2]
    has_o2: [         1]
    o2_ndx: [         3]
    has_h2o: [         1]
    h2o_ndx: [         4]
    tracer_cnst_flds_in: ['cnst_O3         ','OH              ','NO3             ','HO2             ']
    cnst_offline_yaml: [  0.61331818739258582E-006,  0.77437990711797252E-013,  0.21726918302352665E-012,  0.65622281731548920E-012]
