# Data at [lat=   39.0553303768561      , lon=   262.904774388088      , k=          30 , time step=        1406 ] 
mam4xx:
  function: setinv
input:
  fixed:
    tfld: [  0.21422651293069538E+003]
    h2ovmr: [  0.38015200390512335E-005]
    vmr: [  0.40279039262483901E-006,  0.25982359489297985E-011,  0.24266618831508153E-014,  0.99386172406123276E-012,  0.78897303625359753E-015,  0.31201064247516394E-014,  0.99811187163747597E-010,  0.28054556461542866E-009,  0.13396110602557972E-008,  0.41585499103556623E-010,  0.31274447092756849E-011,  0.11070071532666362E-010,  0.34665060226805183E-015,  0.29376982997008519E+010,  0.13199197223326161E-011,  0.20758028508536666E-010,  0.18321804878237612E-014,  0.39839086470386827E-019,  0.28521617460947890E+010,  0.18815782464658820E-012,  0.40509641672112220E-011,  0.49566570656832067E-013,  0.32245732047862046E-013,  0.22790629433413786E-012,  0.67678982847710064E-012,  0.49748190290365500E-018,  0.52799516472748357E+005,  0.26052591203939024E-010,  0.39521126581289484E-011,  0.30668609142889739E-020,  0.23875053825730589E+009]
    pmid: [  0.13368217993210610E+005]
    ncol: [         4]
    lchnk: [       137]
    pcols: [         4]
    pver: [        72]
    gas_pcnst: [        31]
    nfs: [         8]
    boltz_cgs: [  0.13806500000000001E-015]
    num_tracer_cnst: [         4]
    has_n2: [         1]
    m_ndx: [         1]
    n2_ndx: [         2]
    has_o2: [         1]
    o2_ndx: [         3]
    has_h2o: [         1]
    h2o_ndx: [         4]
    tracer_cnst_flds_in: ['cnst_O3         ','OH              ','NO3             ','HO2             ']
    cnst_offline_yaml: [  0.61342761253124512E-006,  0.77367479379896778E-013,  0.21723803981645571E-012,  0.65607734489619642E-012]
