# Data at [lat=   39.0553303768561      , lon=   262.904774388088      , k=          30 , time step=        1415 ] 
mam4xx:
  function: setinv
input:
  fixed:
    tfld: [  0.21505833215545329E+003]
    h2ovmr: [  0.40263576550931807E-005]
    vmr: [  0.46650558221438391E-006,  0.22546191880225664E-011,  0.20523118193835984E-014,  0.83281009208800878E-012,  0.57132751197330756E-015,  0.93377758951275848E-015,  0.99230451450106709E-010,  0.27053840446118629E-009,  0.12992029652234340E-008,  0.40435083363759340E-010,  0.32241629640611341E-011,  0.10465006888940500E-010,  0.31547031277251843E-015,  0.28428952741242332E+010,  0.12822850635062660E-011,  0.19135183439573755E-010,  0.16454289552460293E-014,  0.28249178985865993E-019,  0.23960149416319237E+010,  0.12175048026332074E-012,  0.43627443941535684E-011,  0.51598376328203104E-013,  0.27726763402288446E-013,  0.18405761648998870E-012,  0.70699284694566954E-012,  0.59982905898811320E-018,  0.53258686376162419E+005,  0.24617446887877327E-010,  0.37350920924871430E-011,  0.27757720563517194E-020,  0.22564352129756331E+009]
    pmid: [  0.13368217993210610E+005]
    ncol: [         4]
    lchnk: [       137]
    pcols: [         4]
    pver: [        72]
    gas_pcnst: [        31]
    nfs: [         8]
    boltz_cgs: [  0.13806500000000001E-015]
    num_tracer_cnst: [         4]
    has_n2: [         1]
    m_ndx: [         1]
    n2_ndx: [         2]
    has_o2: [         1]
    o2_ndx: [         3]
    has_h2o: [         1]
    h2o_ndx: [         4]
    tracer_cnst_flds_in: ['cnst_O3         ','OH              ','NO3             ','HO2             ']
    cnst_offline_yaml: [  0.61293521889058563E-006,  0.77684778673126542E-013,  0.21737819508598590E-012,  0.65673197132556072E-012]
