# Data at [lat=   39.0553303768561      , lon=   262.904774388088      , k=          30 , time step=        1401 ] 
mam4xx:
  function: setinv
input:
  fixed:
    tfld: [  0.21396448912056178E+003]
    h2ovmr: [  0.37277808909930729E-005]
    vmr: [  0.36754011905336104E-006,  0.25406919787961553E-011,  0.25565997607580115E-014,  0.11130570178754532E-011,  0.91776119745219575E-015,  0.13551300381779013E-014,  0.10009552500854911E-009,  0.28526468886752802E-009,  0.13580225441009652E-008,  0.42100672570100519E-010,  0.30701162984721317E-011,  0.11393219677101897E-010,  0.36424336256982939E-015,  0.29881565143928227E+010,  0.13421158878895590E-011,  0.21778062366955431E-010,  0.19359032668549665E-014,  0.46658869505688538E-019,  0.32147984770842810E+010,  0.21901174287937031E-012,  0.32139825416713747E-011,  0.39005287894243690E-013,  0.31007744977363138E-013,  0.23209618337337314E-012,  0.50874843679941501E-012,  0.37691988674506769E-018,  0.45844699554578088E+005,  0.26767071860488307E-010,  0.40595851341593916E-011,  0.32205206530737477E-020,  0.24528053933329594E+009]
    pmid: [  0.13368217993210610E+005]
    ncol: [         4]
    lchnk: [       137]
    pcols: [         4]
    pver: [        72]
    gas_pcnst: [        31]
    nfs: [         8]
    boltz_cgs: [  0.13806500000000001E-015]
    num_tracer_cnst: [         4]
    has_n2: [         1]
    m_ndx: [         1]
    n2_ndx: [         2]
    has_o2: [         1]
    o2_ndx: [         3]
    has_h2o: [         1]
    h2o_ndx: [         4]
    tracer_cnst_flds_in: ['cnst_O3         ','OH              ','NO3             ','HO2             ']
    cnst_offline_yaml: [  0.61370118620209646E-006,  0.77191200105197198E-013,  0.21716018781933704E-012,  0.65571366414862350E-012]
