# Data at [lat=   39.0553303768561      , lon=   262.904774388088      , k=          30 , time step=        1416 ] 
mam4xx:
  function: setinv
input:
  fixed:
    tfld: [  0.21504211323339763E+003]
    h2ovmr: [  0.40604268078701261E-005]
    vmr: [  0.47549984156589630E-006,  0.22405691363383160E-011,  0.19750969150761241E-014,  0.81238761253951461E-012,  0.52583176148901409E-015,  0.60818743429050856E-015,  0.99106346227184048E-010,  0.26924474480418752E-009,  0.12936109732364246E-008,  0.40295043225024948E-010,  0.32367305307913952E-011,  0.10385662299619730E-010,  0.31145186794210198E-015,  0.28315655406802497E+010,  0.12791868920465568E-011,  0.19016796736679714E-010,  0.16229638245090121E-014,  0.26837647908497236E-019,  0.23587835407692447E+010,  0.11789175659892163E-012,  0.43595638676460593E-011,  0.50377027050868081E-013,  0.27603179671247796E-013,  0.18275668707589235E-012,  0.70183119113838344E-012,  0.60095005517472857E-018,  0.52556519831252474E+005,  0.24454190798125288E-010,  0.37112369842372310E-011,  0.27401074976024408E-020,  0.22416021710787112E+009]
    pmid: [  0.13368217993210610E+005]
    ncol: [         4]
    lchnk: [       137]
    pcols: [         4]
    pver: [        72]
    gas_pcnst: [        31]
    nfs: [         8]
    boltz_cgs: [  0.13806500000000001E-015]
    num_tracer_cnst: [         4]
    has_n2: [         1]
    m_ndx: [         1]
    n2_ndx: [         2]
    has_o2: [         1]
    o2_ndx: [         3]
    has_h2o: [         1]
    h2o_ndx: [         4]
    tracer_cnst_flds_in: ['cnst_O3         ','OH              ','NO3             ','HO2             ']
    cnst_offline_yaml: [  0.61288051157884815E-006,  0.77720033880173912E-013,  0.21739376961398578E-012,  0.65680470768144613E-012]
