# Data at [lat=   39.0553303768561      , lon=   262.904774388088      , k=          30 , time step=        1404 ] 
mam4xx:
  function: setinv
input:
  fixed:
    tfld: [  0.21410297521297488E+003]
    h2ovmr: [  0.37646734874562007E-005]
    vmr: [  0.38848582952371551E-006,  0.25774586379721947E-011,  0.24842985763983790E-014,  0.10338343417679974E-011,  0.85027512235293126E-015,  0.25189979309895235E-014,  0.99932089643008573E-010,  0.28249922804639031E-009,  0.13472764284518725E-008,  0.41798807438415738E-010,  0.31042098868588362E-011,  0.11202264050276791E-010,  0.35380546322049285E-015,  0.29582411869229622E+010,  0.13299058486764007E-011,  0.21216684832218751E-010,  0.18762276500931512E-014,  0.42635592844344443E-019,  0.29948246210346975E+010,  0.20118422774725263E-012,  0.37476398043444813E-011,  0.45804637568598119E-013,  0.31989194262944396E-013,  0.23101945919667654E-012,  0.61510112868974345E-012,  0.44666291236835208E-018,  0.50325435164355928E+005,  0.26339399908241565E-010,  0.39951862643277262E-011,  0.31286440982170452E-020,  0.24136723600095814E+009]
    pmid: [  0.13368217993210610E+005]
    ncol: [         4]
    lchnk: [       137]
    pcols: [         4]
    pver: [        72]
    gas_pcnst: [        31]
    nfs: [         8]
    boltz_cgs: [  0.13806500000000001E-015]
    num_tracer_cnst: [         4]
    has_n2: [         1]
    m_ndx: [         1]
    n2_ndx: [         2]
    has_o2: [         1]
    o2_ndx: [         3]
    has_h2o: [         1]
    h2o_ndx: [         4]
    tracer_cnst_flds_in: ['cnst_O3         ','OH              ','NO3             ','HO2             ']
    cnst_offline_yaml: [  0.61353704014411147E-006,  0.77296967831952836E-013,  0.21720689798550019E-012,  0.65593187254551610E-012]
