# Data at [lat=   39.0553303768561      , lon=   262.904774388088      , k=          30 , time step=        1403 ] 
mam4xx:
  function: setinv
input:
  fixed:
    tfld: [  0.21406275419250366E+003]
    h2ovmr: [  0.37492635613195187E-005]
    vmr: [  0.38129814848194222E-006,  0.25648925409649213E-011,  0.25107387281725225E-014,  0.10632386275432961E-011,  0.88564437311696262E-015,  0.21563281627868933E-014,  0.99988812680794674E-010,  0.28343642579373677E-009,  0.13510305514067319E-008,  0.41899596032524520E-010,  0.30924247749170971E-011,  0.11268671881433998E-010,  0.35741878153186140E-015,  0.29683976258132939E+010,  0.13345984002103122E-011,  0.21431449908023691E-010,  0.18978757171245905E-014,  0.44036393872329786E-019,  0.30770102904454665E+010,  0.20719054192488299E-012,  0.35764256083121569E-011,  0.43641208093444160E-013,  0.31686802107489035E-013,  0.23151794975584549E-012,  0.57983803086901533E-012,  0.42278059233766763E-018,  0.48930534160848969E+005,  0.26479377816544386E-010,  0.40160420985430271E-011,  0.31593268544014973E-020,  0.24264635353450418E+009]
    pmid: [  0.13368217993210610E+005]
    ncol: [         4]
    lchnk: [       137]
    pcols: [         4]
    pver: [        72]
    gas_pcnst: [        31]
    nfs: [         8]
    boltz_cgs: [  0.13806500000000001E-015]
    num_tracer_cnst: [         4]
    has_n2: [         1]
    m_ndx: [         1]
    n2_ndx: [         2]
    has_o2: [         1]
    o2_ndx: [         3]
    has_h2o: [         1]
    h2o_ndx: [         4]
    tracer_cnst_flds_in: ['cnst_O3         ','OH              ','NO3             ','HO2             ']
    cnst_offline_yaml: [  0.61359175487822577E-006,  0.77261711977051870E-013,  0.21719132758609669E-012,  0.65585913639608294E-012]
