# Data at [lat=   39.0553303768561      , lon=   262.904774388088      , k=          30 , time step=        1405 ] 
mam4xx:
  function: setinv
input:
  fixed:
    tfld: [  0.21415662945848530E+003]
    h2ovmr: [  0.37824327624906833E-005]
    vmr: [  0.39570121731405769E-006,  0.25901786801099392E-011,  0.24574641760251890E-014,  0.10072282304247750E-011,  0.81948481271486419E-015,  0.28490778619586171E-014,  0.99873025428918785E-010,  0.28153853907150026E-009,  0.13434576099382172E-008,  0.41695197899089726E-010,  0.31159741890458666E-011,  0.11135623546865897E-010,  0.35018886955116914E-015,  0.29480163790236316E+010,  0.13249379963204662E-011,  0.20991069079807927E-010,  0.18539833740084492E-014,  0.41223717306776791E-019,  0.29085315808413744E+010,  0.19495804928764234E-012,  0.39067359526185845E-011,  0.47793106828002852E-013,  0.32204379689523947E-013,  0.22999882855498908E-012,  0.64834863943213324E-012,  0.47267508782346007E-018,  0.51608119652125148E+005,  0.26198480444778168E-010,  0.39741866128383731E-011,  0.30978314318594380E-020,  0.24008192023931220E+009]
    pmid: [  0.13368217993210610E+005]
    ncol: [         4]
    lchnk: [       137]
    pcols: [         4]
    pver: [        72]
    gas_pcnst: [        31]
    nfs: [         8]
    boltz_cgs: [  0.13806500000000001E-015]
    num_tracer_cnst: [         4]
    has_n2: [         1]
    m_ndx: [         1]
    n2_ndx: [         2]
    has_o2: [         1]
    o2_ndx: [         3]
    has_h2o: [         1]
    h2o_ndx: [         4]
    tracer_cnst_flds_in: ['cnst_O3         ','OH              ','NO3             ','HO2             ']
    cnst_offline_yaml: [  0.61348232602850052E-006,  0.77332223632868439E-013,  0.21722246872893774E-012,  0.65600460871215274E-012]
