# Data at [lat=   39.0553303768561      , lon=   262.904774388088      , k=          30 , time step=        1413 ] 
mam4xx:
  function: setinv
input:
  fixed:
    tfld: [  0.21491395921262099E+003]
    h2ovmr: [  0.39732864479068396E-005]
    vmr: [  0.45015885739617291E-006,  0.23039804058235865E-011,  0.21409929614156195E-014,  0.87356401065140497E-012,  0.64051985842400849E-015,  0.18655829704808045E-014,  0.99404783259568025E-010,  0.27312835270857087E-009,  0.13106117107708945E-008,  0.40730254571503030E-010,  0.31998540850581809E-011,  0.10618590024274297E-010,  0.32331918862830642E-015,  0.28659320967634759E+010,  0.12878684802230581E-011,  0.19391734410763177E-010,  0.16883356552003775E-014,  0.30957771835927456E-019,  0.24915821488418574E+010,  0.13381141710660361E-012,  0.43942466483278587E-011,  0.52949556183414479E-013,  0.28740202102956497E-013,  0.19288934332071676E-012,  0.72339046538372446E-012,  0.59768830583169640E-018,  0.54571045650852000E+005,  0.24967845082216204E-010,  0.37864197017263503E-011,  0.28474324744571962E-020,  0.22884146938048497E+009]
    pmid: [  0.13368217993210610E+005]
    ncol: [         4]
    lchnk: [       137]
    pcols: [         4]
    pver: [        72]
    gas_pcnst: [        31]
    nfs: [         8]
    boltz_cgs: [  0.13806500000000001E-015]
    num_tracer_cnst: [         4]
    has_n2: [         1]
    m_ndx: [         1]
    n2_ndx: [         2]
    has_o2: [         1]
    o2_ndx: [         3]
    has_h2o: [         1]
    h2o_ndx: [         4]
    tracer_cnst_flds_in: ['cnst_O3         ','OH              ','NO3             ','HO2             ']
    cnst_offline_yaml: [  0.61304463536988639E-006,  0.77614268096962957E-013,  0.21734704706213587E-012,  0.65658649866520194E-012]
