# Data at [lat=   39.0553303768561      , lon=   262.904774388088      , k=          30 , time step=        1407 ] 
mam4xx:
  function: setinv
input:
  fixed:
    tfld: [  0.21430896904562968E+003]
    h2ovmr: [  0.38232091837572467E-005]
    vmr: [  0.40971127919164477E-006,  0.25766135227583081E-011,  0.23956066815791493E-014,  0.97965829579570986E-012,  0.76923276522635168E-015,  0.32797948928330881E-014,  0.99747942845938851E-010,  0.27955170199568806E-009,  0.13358314731169502E-008,  0.41473969637532930E-010,  0.31385000747060399E-011,  0.11005806753916260E-010,  0.34321066007369868E-015,  0.29274758534182348E+010,  0.13149065075383099E-011,  0.20520247401512847E-010,  0.18109261898373447E-014,  0.38484473004182960E-019,  0.28031716080922365E+010,  0.18098222159334412E-012,  0.41812241033096330E-011,  0.51136428671928037E-013,  0.32160395188433668E-013,  0.22508810477006278E-012,  0.70132259748365657E-012,  0.52035054652764023E-018,  0.53865400928044161E+005,  0.25906456557141275E-010,  0.39298173499676172E-011,  0.30363636178461995E-020,  0.23741716649234712E+009]
    pmid: [  0.13368217993210610E+005]
    ncol: [         4]
    lchnk: [       137]
    pcols: [         4]
    pver: [        72]
    gas_pcnst: [        31]
    nfs: [         8]
    boltz_cgs: [  0.13806500000000001E-015]
    num_tracer_cnst: [         4]
    has_n2: [         1]
    m_ndx: [         1]
    n2_ndx: [         2]
    has_o2: [         1]
    o2_ndx: [         3]
    has_h2o: [         1]
    h2o_ndx: [         4]
    tracer_cnst_flds_in: ['cnst_O3         ','OH              ','NO3             ','HO2             ']
    cnst_offline_yaml: [  0.61337289965265612E-006,  0.77402735072840371E-013,  0.21725361124796993E-012,  0.65615008109724072E-012]
