# This file was automatically generated using the following command:
# ./merge_ensembles.py set_subarea_qmass_for_cldbrn_aerosols_output_ts_379_ypt2.py set_subarea_qmass_for_cldbrn_aerosols_output_ts_379_ypt3.py

settings:

input:
  enumerated:
    fcldy: [[0.006309453440839437], [0.006309453440839437]]
    jcldy: [[2], [2]]
    jclea: [[1], [1]]
    lmassptrcw_amode: [[16, 17, 18, 19, 20, 21, 22, 0, 0, 0, 0, 0, 0, 0, 24, 25, 26, 27, 0, 0, 0, 0, 0, 0, 0, 0, 0, 0, 29, 30, 31, 32, 33, 34, 35, 0, 0, 0, 0, 0, 0, 0, 37, 38, 39, 0, 0, 0, 0, 0, 0, 0, 0, 0, 0, 0], [16, 17, 18, 19, 20, 21, 22, 0, 0, 0, 0, 0, 0, 0, 24, 25, 26, 27, 0, 0, 0, 0, 0, 0, 0, 0, 0, 0, 29, 30, 31, 32, 33, 34, 35, 0, 0, 0, 0, 0, 0, 0, 37, 38, 39, 0, 0, 0, 0, 0, 0, 0, 0, 0, 0, 0]]
    loffset: [[9], [9]]
    maxsubarea: [[2], [2]]
    ncnst: [[31], [31]]
    nspec_amode: [[7, 4, 7, 3], [7, 4, 7, 3]]
    ntot_amode: [[4], [4]]
    qqcwgcm: [[0.0, 0.0, 0.0, 0.0, 0.0, 0.0, 0.0, 0.0, 0.0, 0.0, 0.0, 0.0, 0.0, 0.0, 0.0, 0.0, 0.0, 0.0, 0.0, 0.0, 0.0, 0.0, 0.0, 0.0, 0.0, 0.0, 0.0, 0.0, 0.0, 0.0, 0.0], [0.0, 0.0, 0.0, 0.0, 0.0, 0.0, 2.2804215964050073e-13, 0.0, 0.0, 0.0, 0.0, 0.0, 0.0, 0.0, 1e-20, 0.0, 0.0, 0.0, 0.0, 0.0, 0.0, 1e-20, 0.0, 0.0, 0.0, 0.0, 0.0, 0.0, 0.0, 0.0, 0.0]]
    qqcwsub: [[0.0, 0.0, 0.0, 0.0, 0.0, 0.0, 0.0, 0.0, 0.0, 0.0, 0.0, 0.0, 0.0, 0.0, 0.0, 0.0, 0.0, 0.0, 0.0, 0.0, 0.0, 0.0, 0.0, 0.0, 0.0, 0.0, 0.0, 0.0, 0.0, 0.0, 0.0, 0.0, 0.0, 0.0, 0.0, 0.0, 0.0, 0.0, 0.0, 0.0, 0.0, 0.0, 0.0, 0.0, 0.0, 0.0, 0.0, 0.0, 0.0, 0.0, 0.0, 0.0, 0.0, 0.0, 0.0, 0.0, 0.0, 0.0, 0.0, 0.0, 0.0, 0.0], [0.0, 0.0, 0.0, 0.0, 0.0, 0.0, 0.0, 0.0, 0.0, 0.0, 0.0, 0.0, 0.0, 0.0, 0.0, 0.0, 0.0, 0.0, 0.0, 0.0, 0.0, 0.0, 0.0, 0.0, 0.0, 0.0, 0.0, 0.0, 0.0, 0.0, 0.0, 0.0, 0.0, 0.0, 0.0, 0.0, 0.0, 0.0, 0.0, 0.0, 0.0, 0.0, 0.0, 0.0, 0.0, 0.0, 0.0, 0.0, 0.0, 0.0, 0.0, 0.0, 0.0, 0.0, 0.0, 0.0, 0.0, 0.0, 0.0, 0.0, 0.0, 0.0]]
