mam4xx:
  function: aero_emissions_smoketest
input:
  enumerated:
    beglt: [[1], [1], [1], [1]]
    dt: [0.0, 0.0, 0.0, 0.0]
    endlt: [[11], [11], [11], [11]]
    fr_lnduse: [[1, 1, 1, 1, 0, 1, 1, 1, 0, 0, 1], [1, 1, 1, 1, 0, 1, 1, 1, 0, 0, 1], [1, 0, 1, 1, 1, 1, 1, 1, 0, 0, 1], [0, 0, 0, 0, 0, 0, 1, 0, 0, 0, 0]]
    index_season: [[1, 1, 1, 1, 1, 1, 1, 1, 1, 1, 1], [1, 1, 1, 1, 1, 1, 1, 1, 1, 1, 1], [4, 4, 4, 4, 4, 4, 4, 4, 4, 4, 4], [1, 1, 1, 1, 1, 1, 1, 1, 1, 1, 1]]
    ncol: [[4], [4], [4], [4]]
    ribn: [[0.2], [-1.2100418490932332], [-0.035697676249964824], [-0.39727170786113664]]
    unstable: [[0], [1], [1], [1]]
    uustar: [[0.03198781076259495], [0.3395594415377216], [2.9335023410482277], [0.12901879149872647]]
    z0: [[1.0, 1.0, 1.0, 1.0, 1.0, 0.25, 0.1, 0.005, 0.001, 0.03, 0.05, 0.05, 0.05, 0.001, 0.02, 1.0, 1.0, 1.0, 1.0, 1.0, 1.0, 1.0, 1.0, 1.0, 1.0, 1.0, 1.0, 1.0, 1.0, 1.0, 0.0006, 0.0006, 0.0006, 0.0006, 0.0006, 0.002, 0.002, 0.002, 0.002, 0.002, 0.15, 0.1, 0.1, 0.001, 0.01, 0.1, 0.08, 0.02, 0.001, 0.03, 0.1, 0.08, 0.06, 0.04, 0.06], [1.0, 1.0, 1.0, 1.0, 1.0, 0.25, 0.1, 0.005, 0.001, 0.03, 0.05, 0.05, 0.05, 0.001, 0.02, 1.0, 1.0, 1.0, 1.0, 1.0, 1.0, 1.0, 1.0, 1.0, 1.0, 1.0, 1.0, 1.0, 1.0, 1.0, 0.0006, 0.0006, 0.0006, 0.0006, 0.0006, 0.002, 0.002, 0.002, 0.002, 0.002, 0.15, 0.1, 0.1, 0.001, 0.01, 0.1, 0.08, 0.02, 0.001, 0.03, 0.1, 0.08, 0.06, 0.04, 0.06], [1.0, 1.0, 1.0, 1.0, 1.0, 0.25, 0.1, 0.005, 0.001, 0.03, 0.05, 0.05, 0.05, 0.001, 0.02, 1.0, 1.0, 1.0, 1.0, 1.0, 1.0, 1.0, 1.0, 1.0, 1.0, 1.0, 1.0, 1.0, 1.0, 1.0, 0.0006, 0.0006, 0.0006, 0.0006, 0.0006, 0.002, 0.002, 0.002, 0.002, 0.002, 0.15, 0.1, 0.1, 0.001, 0.01, 0.1, 0.08, 0.02, 0.001, 0.03, 0.1, 0.08, 0.06, 0.04, 0.06], [1.0, 1.0, 1.0, 1.0, 1.0, 0.25, 0.1, 0.005, 0.001, 0.03, 0.05, 0.05, 0.05, 0.001, 0.02, 1.0, 1.0, 1.0, 1.0, 1.0, 1.0, 1.0, 1.0, 1.0, 1.0, 1.0, 1.0, 1.0, 1.0, 1.0, 0.0006, 0.0006, 0.0006, 0.0006, 0.0006, 0.002, 0.002, 0.002, 0.002, 0.002, 0.15, 0.1, 0.1, 0.001, 0.01, 0.1, 0.08, 0.02, 0.001, 0.03, 0.1, 0.08, 0.06, 0.04, 0.06]]
    zl: [[12.816427027976749], [13.505708784823883], [11.495025186520767], [13.304651089489907]]
