# Data at [lat=  -5.57727434969463      , lon=   184.674947489650      , k=          72 , time step=         300 ] 
mam4xx:
  function: calc_om_ssa
input:
  fixed:
    ncol: [         4]
    mpoly_in: [  0.29462131363967192E+002]
    mprot_in: [  0.88386394091901579E+001]
    mlip_in: [  0.16230117959603003E-001]
    nsections: [        31]
    omfrac_max: [  0.77999997138977051E+000]
    liter_to_m3: [  0.10000000000000000E-002]
    OM_to_OC_in: [  0.22999999999999998E+001,  0.22000000000000002E+001,  0.13000000000000000E+001]
    alpha_org: [  0.90579999999999998E+002,  0.25175000000000000E+005,  0.18205000000000000E+005]
    mw_org: [  0.25000000000000000E+006,  0.66463000000000000E+005,  0.28400000000000000E+003]
    dens_srf_org: [  0.13760000000000000E+000,  0.21900000000000001E-002,  0.25929999999999998E-002]
    mw_carbon: [  0.12010700000000000E+002]
    dens_vol_NaCl_in_seawat: [  0.35875000000000000E+005]
    l_bub: [  0.99999999999999995E-007]
    n_org_max: [         3]
    n_org: [         3]
    small_oceanorg: [  0.10000000031710769E-029]
