# Data at [lat=   25.2383698615638      , lon=   28.1597964159427      , k=          72 , time step=        1350 ] 
mam4xx:
  function: dust_emis
input:
  fixed:
    ncol: [         4]
    lchnk: [       112]
    dust_flux_in: [ -0.99391637990504811E-011, -0.53350997938896468E-010, -0.12510222703847123E-009, -0.11784238261270793E-009]
    soil_erod_fact: [  0.15000000000000000E+001]
    soil_erodibility: [  0.12274619501540604E+000]
    dust_density: [  0.25000000000000000E+004]
    pi: [  0.31415926535897931E+001]
    soil_erod_threshold: [  0.10000000000000001E+000]
    dust_dmt_vwr: [  0.78056703442146215E-006,  0.38983341139985417E-005]
    dust_indices: [        20,        29,        23,        36]
    dust_emis_sclfctr: [  0.10999999999999999E-001,  0.98899999999999999E+000]
