# Data at [lat=  -5.57727434969463      , lon=   184.674947489650      , k=          72 , time step=         300 ] 
mam4xx:
  function: marine_organic_numflx_calc
input:
  fixed:
    ncol: [         4]
    fi: [  0.14632966303230337E+002,  0.31729322013607064E+002,  0.48960000196482234E+002,  0.61777163543873343E+002,  0.72490094474881261E+002,  0.82419622916292596E+002,  0.97042136502484539E+002,  0.11864046144522804E+003,  0.99797228707517391E+002,  0.49060875370566208E+002,  0.37947149769470940E+002,  0.38487451206401730E+002,  0.48699114681276512E+002,  0.33657250685125540E+002,  0.25923416213571684E+002,  0.18518679913027544E+002,  0.12355693960566610E+002,  0.83335593913534023E+001,  0.70250326619956995E+001,  0.77732417855619902E+001,  0.78699819186016198E+001,  0.21666524268939700E+001,  0.12672289580950098E+001,  0.66070245691990015E+000,  0.31806839541557308E+000,  0.14763545711595458E+000,  0.68836101427465643E-001,  0.33398095997280101E-001,  0.17262818669283409E-001,  0.96111062989667432E-002,  0.57682085083233595E-002]
    ocnfrc: [  0.99999999999999989E+000]
    emis_scale: [  0.59999999999999998E+000]
    om_ssa: [  0.13353111737755941E+000,  0.13353111737755941E+000,  0.13353111737755941E+000,  0.13353111737755941E+000,  0.13353111737755941E+000,  0.13353111737755941E+000,  0.13353111737755941E+000,  0.13353111737755941E+000,  0.13353111737755941E+000,  0.13353111737755941E+000,  0.13353111737755941E+000,  0.13353111737755941E+000,  0.13353111737755941E+000,  0.13353111737755941E+000,  0.13353111737755941E+000,  0.13353111737755941E+000,  0.13353111737755941E+000,  0.00000000000000000E+000,  0.00000000000000000E+000,  0.00000000000000000E+000,  0.00000000000000000E+000,  0.00000000000000000E+000,  0.00000000000000000E+000,  0.00000000000000000E+000,  0.00000000000000000E+000,  0.00000000000000000E+000,  0.00000000000000000E+000,  0.00000000000000000E+000,  0.00000000000000000E+000,  0.00000000000000000E+000,  0.00000000000000000E+000]
    emit_this_mode: [         1,         1,         0]
    nsections: [        31]
    Dg: [  0.20000000000000000E-007,  0.24999999999999999E-007,  0.32000000000000002E-007,  0.40000000000000001E-007,  0.51000000000000000E-007,  0.65000000000000000E-007,  0.82000000000000006E-007,  0.10400000000000000E-006,  0.13199999999999999E-006,  0.16700000000000000E-006,  0.21100000000000000E-006,  0.26700000000000000E-006,  0.33799999999999998E-006,  0.42800000000000002E-006,  0.54099999999999999E-006,  0.68500000000000001E-006,  0.86700000000000002E-006,  0.10979999999999999E-005,  0.13890000000000000E-005,  0.17590000000000000E-005,  0.22259999999999999E-005,  0.28180000000000000E-005,  0.35710000000000002E-005,  0.45260000000000004E-005,  0.57350000000000001E-005,  0.72670000000000000E-005,  0.92080000000000006E-005,  0.11668000000000001E-004,  0.14786000000000000E-004,  0.18736000000000002E-004,  0.23742000000000001E-004]
    om_num_ind: [         1,         2,         4]
    om_num_modes: [         3]
    seasalt_indices: [        21,        26,        30,        22,        27,        39,        23,        28,        36,        40]
    sst_sz_range_lo: [  0.80000000000000002E-007,  0.20000000000000000E-007,  0.99999999999999995E-006,  0.80000000000000002E-007,  0.20000000000000000E-007,  0.80000000000000002E-007]
    sst_sz_range_hi: [  0.99999999999999995E-006,  0.80000000000000002E-007,  0.10000000000000001E-004,  0.99999999999999995E-006,  0.80000000000000002E-007,  0.99999999999999995E-006]
