# Data at [lat=  -5.57727434969463      , lon=   184.674947489650      , k=          72 , time step=         300 ] 
mam4xx:
  function: seasalt_emis
input:
  fixed:
    lchnk: [       149]
    ncol: [         4]
    fi: [  0.14632966303230337E+002,  0.31729322013607064E+002,  0.48960000196482234E+002,  0.61777163543873343E+002,  0.72490094474881261E+002,  0.82419622916292596E+002,  0.97042136502484539E+002,  0.11864046144522804E+003,  0.99797228707517391E+002,  0.49060875370566208E+002,  0.37947149769470940E+002,  0.38487451206401730E+002,  0.48699114681276512E+002,  0.33657250685125540E+002,  0.25923416213571684E+002,  0.18518679913027544E+002,  0.12355693960566610E+002,  0.83335593913534023E+001,  0.70250326619956995E+001,  0.77732417855619902E+001,  0.78699819186016198E+001,  0.21666524268939700E+001,  0.12672289580950098E+001,  0.66070245691990015E+000,  0.31806839541557308E+000,  0.14763545711595458E+000,  0.68836101427465643E-001,  0.33398095997280101E-001,  0.17262818669283409E-001,  0.96111062989667432E-002,  0.57682085083233595E-002]
    ocnfrc: [  0.99999999999999989E+000]
    emis_scale: [  0.59999999999999998E+000]
    nsections: [        31]
    num_flx_flag: [         0]
    mass_flx_flag: [         1]
