mam_box:
  name: mam_gasaerexch_1subarea

input:
 lattice:
  temp: [180., 200., 233., 273., 298.]
  pmid: [10000., 100000.]
  dtsubstep: [0.1, 1, 2, 4, 10, 50, 100, 300, 900, 1800]

 fixed:
  uptkrate_h2so4: 0.0
  uptkaer1: [0.0, 0.0, 0.0, 0.0, 0.0]
  uptkaer2: [0.0, 0.0, 0.0, 0.0, 0.0]
  qgas_netprod_otrproc: [1e-8, 1e-8]
  qgas_avg: [0.0, 0.0]
  qgas_cur: [1.00E-009,   1.00E-009]
  qnum_cur: [2477572000000.0000,        24775720000000.000,        2477572.0000000000,       4955144000000.0000,0.0]
  qaer_cur1: [3.2751376570104878E-007,  0.0000000000000000,       0.0000000000000000,       0.0000000000000000,0.0]
  qaer_cur2: [0.0000000000000000,       3.4530067780747110E-008,  0.0000000000000000,       0.0000000000000000,0.0]
  qaer_cur3: [ 0.0000000000000000,       0.0000000000000000,       7.5612960690111701E-010,  0.0000000000000000, 0.0]
  qaer_cur4: [0.0,  0.0, 0.0,  2.3930442454453742E-008, 0.0]
  qaer_cur5: [0.0,  0.0, 0.0,  0.0, 0.0]
  qaer_cur6: [0.0,  0.0, 0.0,  0.0, 0.0]
  qaer_cur7: [0.0,  0.0, 0.0,  0.0, 0.0]
  dgn_awet: [2.3999999999999998E-007,4.8000000000000000E-008,2.3999999999999999E-006,9.5999999999999999E-008, 0.0]
