mam_box:
  name: mam_gasaerexch_1subarea

input:
 lattice:
  temp: [180., 200., 233., 273., 298.]
  pmid: [1000, 100000.]
#  dtsubstep: [1800, 900, 300, 100, 31.579, 10, 3.163, 1, 0.316, 0.1]
  dtsubstep: [0.1, 1, 10, 100, 300, 900, 1800]

 fixed:
#  temp: 180.
#  pmid: 100000.
  uptkrate_h2so4: 0.0
  uptkaer1: [0.0, 0.0, 0.0, 0.0, 0.0]
  uptkaer2: [0.0, 0.0, 0.0, 0.0, 0.0]
  qgas_netprod_otrproc: [0.0, 0.0]
  qgas_avg: [0.0, 0.0]
  qnum_cur: [282691898094.0, 2826918980940.0, 282691898.09400004, 565383796188.0, 0.0]   
  dgn_awet: [2.4000000000000019E-007, 4.8000000000000046E-008, 2.4000000000000012E-006, 9.6000000000000092E-008, 0.0]  
  qgas_cur: [1.00E-009,   1.00E-009]
  qaer_cur1: [7.4738898448001355E-010,   5.1196356048897701E-011,   1.4947779689600273E-009,   1.3652361613039389E-010, 0.0]
  qaer_cur2: [0.0,  0.0, 0.0,  0.0, 0.0]
  qaer_cur3: [3.6622060239520663E-008, 1.6553488455810257E-009, 3.5874671255040661E-008, 2.5939487064774836E-009, 0.0]
  qaer_cur4: [0.0,  0.0, 0.0,  0.0, 0.0]
  qaer_cur5: [0.0,  0.0, 0.0,  0.0, 0.0]
  qaer_cur6: [0.0,  0.0, 0.0,  0.0, 0.0]
  qaer_cur7: [0.0,  0.0, 0.0,  0.0, 0.0]
