settings:
  function: gas_aer_uptkrates_1box1gas

input:
  fixed:
    dgncur_awet:   [1.2638351144429599E-007 , 2.9756030032807321E-008 , 2.3000668431356306E-006 , 5.0677064792233057E-008]
    lnsg:          [0.58778666490211906     , 0.47000362924573563     , 0.58778666490211906     , 0.47000362924573563]
    aernum:        [2253176148.8415728      , 22531761488.415726      , 2253176.1488415725      , 4506352297.6831455]
  enumerated:
    temp: [260, 290, 3]
    beta: [0.5, 2.5, .2]
    mw_gas: [90, 120, 3]
    pmid: [ 70000, 100000,  3000]
    vol_molar_gas: [21, 51, 3]
    condense_to_mode: [[-5, -3, -1, 1], [ 5, 8,10,12], [1,1,1,1]]
  lattice:
    nghq: [2,4,10,20]
