# Data at [lat=  -5.57727434969463      , lon=   184.674947489650      , k=           7 , time step=         379 ] 
mam4xx:
  function: mam_newnuc_1subarea
input:
  fixed:
    nstep: [       379]
    lchnk: [       149]
    i: [         2]
    k: [         7]
    jsub: [         1]
    latndx: [        40]
    lonndx: [         1]
    lund: [         6]
    n_mode: [         4]
    deltat: [  0.36000000000000000E+004]
    temp: [  0.25995373754907484E+003]
    pmid: [  0.12829949082549251E+003]
    aircon: [  0.59360072406377424E-004]
    zmid: [  0.45289866857352390E+005]
    pblh: [  0.79393332557991255E+003]
    relhum: [  0.24854031730334133E-005]
    del_h2so4_gasprod: [  0.57113125173361250E-024]
    del_h2so4_aeruptk: [ -0.34160551047908708E-023]
    uptkrate_h2so4: [  0.13822881997464704E-007]
    qgas_avg: [  0.13828832072212411E-012,  0.68647348385388545E-019]
    dnclusterdt: [  0.00000000000000000E+000]
    qgas_cur: [  0.13835924320997904E-012,  0.68645925935259890E-019]
    qnum_cur: [  0.48466036652806262E+007,  0.93682582559041488E+009,  0.28753230515972595E-003,  0.38881705045598288E+002,  0.00000000000000000E+000]
    qaer_cur: [  0.18646182671130300E-015,  0.10699261810997502E-013,  0.24151407684770937E-014,  0.59404583322596666E-014,  0.37213194077909832E-014,  0.30718174305573901E-014,  0.42629305177426783E-026,  0.12198714405758272E-015,  0.95092954863016933E-012,  0.00000000000000000E+000,  0.00000000000000000E+000,  0.28905273200087140E-013,  0.00000000000000000E+000,  0.10460641838443952E-025,  0.00000000000000000E+000,  0.64915118209793495E-019,  0.19293354301817811E-036,  0.24116700315277469E-035,  0.49564257801905307E-036,  0.21446538904102464E-036,  0.11582334282467170E-039,  0.55542343687615469E-024,  0.34129306330310126E-030,  0.62183783368425671E-019,  0.86052456241078875E-019,  0.00000000000000000E+000,  0.00000000000000000E+000,  0.54095777109620501E-029,  0.00000000000000000E+000,  0.00000000000000000E+000,  0.00000000000000000E+000,  0.00000000000000000E+000,  0.00000000000000000E+000,  0.00000000000000000E+000,  0.00000000000000000E+000]
    qwtr_cur: [  0.00000000000000000E+000,  0.00000000000000000E+000,  0.00000000000000000E+000,  0.00000000000000000E+000,  0.00000000000000000E+000]
    max_gas: [         2]
    max_aer: [         7]
    max_mode: [         5]
    iaer_so4: [         2]
    iaer_nh4: [         0]
    igas_h2so4: [         2]
    igas_nh3: [         0]
    nait: [         2]
    dgnum_aer: [  0.26000000000000001E-007]
    dgnumlo_aer: [  0.87000000000000001E-008]
    dgnumhi_aer: [  0.52000000000000002E-007]
    gaexch_h2so4_uptake_optaa: [         2]
    newnuc_h2so4_conc_optaa: [         2]
    dens_so4a_host: [  0.17700000000000000E+004]
    mwso4a_host: [  0.11500000000000000E+003]
    newnuc_adjust_factor_dnaitdt: [  0.10000000000000000E+001]
    mw_nh4a_host: [  0.11500000000000000E+003]
    qh2so4_cutoff: [  0.39999999999999999E-015]
