# Data at [lat=   39.0553303768561      , lon=   262.904774388088      , k=          54 , time step=        1400 ] 
mam4xx:
  function: activate_modal
input:
  fixed:
    dt:    0.00
    w_in: [ 0.2065535991E+00]
    wmaxf: [ 0.1000000000E+02]
    tair: [ 0.2546713763E+03]
    rhoair: [ 0.1007234792E+01]
    na: [ 0.8081862344E+08, 0.1926580239E+10, 0.4463929814E+05, 0.6922051814E+08]
    nmode: [         4]
    volume: [ 0.3330853319E-12, 0.7633532114E-13, 0.1810895016E-12, 0.9793785943E-13]
    hygro: [ 0.4200725253E+00, 0.4614486187E+00, 0.1124273333E+01, 0.1192714206E-06]
    rair: [ 0.2870423114E+03]
    latvap: [ 0.2501000000E+07]
    rh2o: [ 0.4615046398E+03]
    gravit: [ 0.9806160000E+01]
    cpair: [ 0.1004640000E+04]
    rhoh2o: [ 0.1000000000E+04]
    pi: [ 0.3141592654E+01]
    alogsig: [ 0.5877866649E+00, 0.4700036292E+00, 0.5877866649E+00, 0.4700036441E+00]
    exp45logsig: [ 0.4733757267E+01, 0.2702197556E+01, 0.4733757267E+01, 0.2702197727E+01]
    t0: [ 0.2730000000E+03]
    aten: [ 0.1206437615E-08]
    twothird: [ 0.6666666667E+00]
    sq2: [ 0.1414213562E+01]
