# Data at [lat=   39.0553303768561      , lon=   262.904774388088      , k=          54 , time step=        1403 ] 
mam4xx:
  function: loadaer
input:
  fixed:
    dt:    0.00
    state_q: [ 0.1044824939E-02, 0.6085729848E-05, 0.1314083428E-06, 0.2443794694E+08, 0.1767256667E+03, 0.1624265715E-06, 0.5569224981E-05, 0.3937843535E+02, 0.2258418536E+03, 0.1062048747E-06, 0.1024948731E-09, 0.6016128414E-12, 0.6578100822E-10, 0.4090742984E-14, 0.9595211178E-11, 0.3874974446E-09, 0.1646488252E-10, 0.9936749902E-10, 0.4608323710E-11, 0.4932205436E-12, 0.3832837490E-10, 0.3673205428E-11, 0.8055943839E+08, 0.1091773320E-09, 0.9719507875E-11, 0.3546076464E-13, 0.3830870682E-14, 0.1815222239E+10, 0.1224838404E-11, 0.3756286438E-09, 0.8092434032E-11, 0.1086422409E-12, 0.4586829587E-12, 0.3061004586E-11, 0.8229225569E-13, 0.5215449472E+05, 0.8050605109E-10, 0.2210486508E-10, 0.1795285585E-15, 0.6259074834E+08]
    cs: [ 0.1012340558E+01]
    phase: [         3]
    qcldbrn1d: [ 0.1073835100E-09, 0.4403386347E-11, 0.2518973708E-10, 0.1224850470E-11, 0.1209796499E-12, 0.9574514913E-11, 0.9171849014E-12, 0.1797693135, 0.1797693135, 0.1797693135, 0.1797693135, 0.1797693135, 0.1797693135, 0.1797693135, 0.5642457739E-11, 0.4680096852E-12, 0.1620082663E-14, 0.1753599751E-15, 0.1797693135, 0.1797693135, 0.1797693135, 0.1797693135, 0.1797693135, 0.1797693135, 0.1797693135, 0.1797693135, 0.1797693135, 0.1797693135, 0.3214960550E-12, 0.9588737554E-10, 0.2301106886E-11, 0.3066332364E-13, 0.1282396005E-12, 0.8413933765E-12, 0.2264474284E-13, 0.1797693135, 0.1797693135, 0.1797693135, 0.1797693135, 0.1797693135, 0.1797693135, 0.1797693135, 0.0000000000E+00, 0.0000000000E+00, 0.0000000000E+00, 0.1797693135, 0.1797693135, 0.1797693135, 0.1797693135, 0.1797693135, 0.1797693135, 0.1797693135, 0.1797693135, 0.1797693135, 0.1797693135, 0.1797693135]
    qcldbrn1d_num: [ 0.1398851866E+08, 0.5367339704E+07, 0.1263473159E+05, 0.0000000000E+00]
    maxd_aspectype: [        14]
    ntot_amode: [         4]
