# Data at [lat=   39.0553303768561      , lon=   262.904774388088      , k=          54 , time step=        1404 ] 
mam4xx:
  function: loadaer
input:
  fixed:
    dt:    0.00
    state_q: [0.9998584073E-003,0.4024756731E-005,0.7554200101E-007,0.2384519997E+008,0.1332329547E+003,0.5468491666E-007,0.4103397427E-005,0.3937555788E+002,0.2047739287E+003,0.1068381582E-006,0.1069737162E-009,0.7284956191E-012,0.6347611197E-010,0.3488483406E-014,0.9567005841E-011,0.3809149578E-009,0.1646469477E-010,0.1028912827E-009,0.4634320792E-011,0.5196342645E-012,0.4012709137E-010,0.3800100825E-011,0.8127569382E+008,0.1075118371E-009,0.9964289721E-011,0.3628994780E-013,0.3907060129E-014,0.1792849055E+010,0.1258517444E-011,0.3935469305E-009,0.8054234500E-011,0.1038144049E-012,0.4323811677E-012,0.3084690158E-011,0.8220943965E-013,0.5466791811E+005,0.7977412510E-010,0.2183684133E-010,0.1772378941E-015,0.6205242524E+008]
    cs: [0.1014345531E+001]
    phase: [         3]
    qcldbrn1d: [0.7692580626E-010,0.3237569537E-011,0.1920869636E-010,0.9043791983E-012,0.9376426426E-013,0.7279249950E-011,0.6948732280E-012,0.1797693135E+309,0.1797693135E+309,0.1797693135E+309,0.1797693135E+309,0.1797693135E+309,0.1797693135E+309,0.1797693135E+309,0.4023147339E-011,0.3492665418E-012,0.1221347681E-014,0.1318258196E-015,0.1797693135E+309,0.1797693135E+309,0.1797693135E+309,0.1797693135E+309,0.1797693135E+309,0.1797693135E+309,0.1797693135E+309,0.1797693135E+309,0.1797693135E+309,0.1797693135E+309,0.2417588260E-012,0.7292722966E-010,0.1676027731E-011,0.2210173004E-013,0.9273383130E-013,0.6238498482E-012,0.1672238436E-013,0.1797693135E+309,0.1797693135E+309,0.1797693135E+309,0.1797693135E+309,0.1797693135E+309,0.1797693135E+309,0.1797693135E+309,0.0000000000E+000,0.0000000000E+000,0.0000000000E+000,0.1797693135E+309,0.1797693135E+309,0.1797693135E+309,0.1797693135E+309,0.1797693135E+309,0.1797693135E+309,0.1797693135E+309,0.1797693135E+309,0.1797693135E+309,0.1797693135E+309,0.1797693135E+309]
    qcldbrn1d_num: [0.1001510631E+008,0.3835619332E+007,0.9458105713E+004,0.0000000000E+000]
    maxd_aspectype: [        14]
    ntot_amode: [         4]
