# Data at [lat=   39.0553303768561      , lon=   262.904774388088      , k=          54 , time step=        1417 ] 
# This file was generated by E3SM.

from math import nan as nan, inf as inf

# Object is just a dynamic container that stores input/output data.
class Object(object):
    pass
# Settings are stored here.
settings = Object()
# Input is stored here.
input = Object()
input.dt = [    0.00, ]
input.w_in=[[ 0.1614331841E+00],]
input.wmaxf=[[ 0.1000000000E+02],]
input.tair=[[ 0.2511513232E+03],]
input.rhoair=[[ 0.1025062636E+01],]
input.na=[[ 0.1485278990E+09, 0.2170494082E+10, 0.8027585049E+05, 0.6668766011E+08,],]
input.nmode=[[         4],]
input.volume=[[ 0.6766301198E-12, 0.7972117651E-13, 0.3473302771E-12, 0.9435420100E-13,],]
input.hygro=[[ 0.3980142730E+00, 0.4457640263E+00, 0.1109245004E+01, 0.1049749674E-06,],]
input.rair=[[ 0.2870423114E+03],]
input.latvap=[[ 0.2501000000E+07],]
input.rh2o=[[ 0.4615046398E+03],]
input.gravit=[[ 0.9806160000E+01],]
input.cpair=[[ 0.1004640000E+04],]
input.rhoh2o=[[ 0.1000000000E+04],]
input.pi=[[ 0.3141592654E+01],]
input.alogsig=[[ 0.5877866649E+00, 0.4700036292E+00, 0.5877866649E+00, 0.4700036441E+00,],]
input.exp45logsig=[[ 0.4733757267E+01, 0.2702197556E+01, 0.4733757267E+01, 0.2702197727E+01,],]
input.t0=[[ 0.2730000000E+03],]
input.aten=[[ 0.1206437615E-08],]
input.twothird=[[ 0.6666666667E+00],]
input.sq2=[[ 0.1414213562E+01],]
# Output data is stored here.
output = Object()
output.fn=[[ 0.6145083021E+00, 0.4986384050E-02, 0.9999990344E+00, 0.0000000000E+00,],]
output.fm=[[ 0.9800338634E+00, 0.1216534090E+00, 0.1000000000E+01, 0.0000000000E+00,],]
output.fluxn=[[ 0.9920203185E-01, 0.8049678542E-03, 0.1614330282E+00, 0.0000000000E+00,],]
output.fluxm=[[ 0.1582099871E+00, 0.1963889716E-01, 0.1614331841E+00, 0.0000000000E+00,],]
output.flux_fullact=[[ 0.1614331841E+00],]
