# Data at [lat=   39.0553303768561      , lon=   262.904774388088      , k=          54 , time step=        1417 ] 
mam4xx:
  function: activate_modal
input:
  fixed:
    dt:    0.00
    w_in: [ 0.1614331841E+00]
    wmaxf: [ 0.1000000000E+02]
    tair: [ 0.2511513232E+03]
    rhoair: [ 0.1025062636E+01]
    na: [ 0.1485278990E+09, 0.2170494082E+10, 0.8027585049E+05, 0.6668766011E+08]
    nmode: [         4]
    volume: [ 0.6766301198E-12, 0.7972117651E-13, 0.3473302771E-12, 0.9435420100E-13]
    hygro: [ 0.3980142730E+00, 0.4457640263E+00, 0.1109245004E+01, 0.1049749674E-06]
    rair: [ 0.2870423114E+03]
    latvap: [ 0.2501000000E+07]
    rh2o: [ 0.4615046398E+03]
    gravit: [ 0.9806160000E+01]
    cpair: [ 0.1004640000E+04]
    rhoh2o: [ 0.1000000000E+04]
    pi: [ 0.3141592654E+01]
    alogsig: [ 0.5877866649E+00, 0.4700036292E+00, 0.5877866649E+00, 0.4700036441E+00]
    exp45logsig: [ 0.4733757267E+01, 0.2702197556E+01, 0.4733757267E+01, 0.2702197727E+01]
    t0: [ 0.2730000000E+03]
    aten: [ 0.1206437615E-08]
    twothird: [ 0.6666666667E+00]
    sq2: [ 0.1414213562E+01]
