# Data at [lat=  -13.2292708024991      , lon=   139.817062054960      , k=          51 , time step=         355 ] 
mam4xx:
  function: wetdep_resusp_nonlinear
input:
  fixed:
    dt:    0.00
    mam_prevap_resusp_optcc: 130
    is_st_cu: 1
    precabx_base_old: 0.3178588943E-04
    precabx_old: 0.3168724826E-04
    scavabx_old: 0.9711083276E-11
    precnumx_base_old: 0.0000000000E+00
    precabx_new: 0.3142317975E-04
