# Data at [lat=  -13.2292708024991      , lon=   139.817062054960      , k=          51 , time step=         355 ] 
mam4xx:
  function: wetdep_resusp
input:
  fixed:
    dt:    0.00
    is_st_cu: 1
    mam_prevap_resusp_optcc: 230
    pdel_ik: 0.3395589227E+04
    evapx: 0.7626064109E-09
    precabx_base_old: 0.3178588943E-04
    precabx_old: 0.3168724826E-04
    scavabx_old: 0.0000000000E+00
    precnumx_base_old: 0.3293520152E+03
