# Data at [lat=  -13.2292708024991      , lon=   139.817062054960      , k=          55 , time step=         355 ] 
mam4xx:
  function: wetdep_prevap
input:
  fixed:
    dt:    0.00
    is_st_cu: 1
    mam_prevap_resusp_optcc: 130
    pdel_ik: 0.2260535611E+04
    pprdx: 0.0000000000E+00
    srcx: 0.0000000000E+00
    arainx: 0.3225217055E+00
    precabx_base_old: 0.3178588943E-04
    precabx_old: 0.2804875418E-04
    scavabx_old: 0.9618888442E-11
    precnumx_base_old: 0.0000000000E+00
