# Data at [lat=  -5.57727434969463      , lon=   184.674947489650      , k=           7 , time step=         379 ] 
mam4xx:
  function: mam_gasaerexch_1subarea
input:
  fixed:
    nstep: [       379]
    lchnk: [       149]
    i: [         2]
    k: [         7]
    jsub: [         1]
    jtsubstep: [         1]
    ntsubstep: [         1]
    latndx: [        40]
    lonndx: [         1]
    lund: [         6]
    n_mode: [         4]
    dtsubstep: [  0.36000000000000000E+004]
    temp: [  0.25995373754907484E+003]
    pmid: [  0.12829949082549251E+003]
    aircon: [  0.59360072406377424E-004]
    qgas_cur: [  0.13821739823426926E-012,  0.68648770859112947E-019]
    qgas_avg: [  0.18421006316641555E-012,  0.10272714971254496E-018]
    qgas_netprod_otrproc: [  0.00000000000000000E+000,  0.15864756992600346E-027]
    qaer_cur: [  0.18835739781440573E-015,  0.10699261810948397E-013,  0.24151407684770937E-014,  0.59404583322596666E-014,  0.37213194077909832E-014,  0.30718174305573901E-014,  0.42629305177426783E-026,  0.26193654921969439E-015,  0.95092954862680244E-012,  0.00000000000000000E+000,  0.00000000000000000E+000,  0.28905273200087140E-013,  0.00000000000000000E+000,  0.10460641838443952E-025,  0.19293361051760206E-036,  0.64915118209790197E-019,  0.19293354301817811E-036,  0.24116700315277469E-035,  0.49564257801905307E-036,  0.21446538904102464E-036,  0.11582334282467170E-039,  0.00000000000000000E+000,  0.00000000000000000E+000,  0.62183783368425671E-019,  0.86052456241078875E-019,  0.00000000000000000E+000,  0.00000000000000000E+000,  0.54095777109620501E-029,  0.00000000000000000E+000,  0.00000000000000000E+000,  0.00000000000000000E+000,  0.00000000000000000E+000,  0.00000000000000000E+000,  0.00000000000000000E+000,  0.00000000000000000E+000]
    qnum_cur: [  0.48466036652806262E+007,  0.93682582559041488E+009,  0.28753230515972595E-003,  0.38881705045598288E+002,  0.00000000000000000E+000]
    qwtr_cur: [  0.00000000000000000E+000,  0.00000000000000000E+000,  0.00000000000000000E+000,  0.00000000000000000E+000,  0.00000000000000000E+000]
    dgn_a: [  0.53500000000000003E-007,  0.36090348505141279E-007,  0.18049318198666652E-005,  0.56402830042098117E-007,  0.00000000000000000E+000]
    dgn_awet: [  0.53500000000000003E-007,  0.36090348505141279E-007,  0.18049318198666652E-005,  0.56402830042098117E-007,  0.00000000000000000E+000]
    wetdens: [  0.16584048037335754E+004,  0.17713590529635467E+004,  0.17700000000000000E+004,  0.10427982877148065E+004,  0.10000000000000000E+004]
    uptkaer: [  0.13075526560958866E-010,  0.16142625336384998E-010,  0.40129491862948130E-008,  0.49542582401023957E-008,  0.99585232165563402E-017,  0.12294473070671645E-016,  0.12185775982852874E-015,  0.15044167835783684E-015,  0.00000000000000000E+000,  0.00000000000000000E+000]
    uptkrate_h2so4: [  0.00000000000000000E+000]
    max_gas: [         2]
    max_aer: [         7]
    max_mode: [         5]
    ntot_amode: [         4]
    pver: [        72]
    igas_nh3: [         0]
    igas_h2so4: [         2]
    lmap_aer: [         9,         7,         8,        10,        12,        11,        13,        16,        15,         0,         0,        17,         0,        18,        25,        22,        24,        23,        21,        20,        26,         0,         0,        28,        29,         0,         0,        30,         0,         0,         0,         0,         0,         0,         0]
    nsoa: [         1]
    ngas: [         2]
    igas_hno3: [         0]
    igas_hcl: [         0]
