# Data at [lat=  -5.57727434969463      , lon=   184.674947489650      , k=          68 , time step=         379 ] 
mam4xx:
  function: mam_soaexch_1subarea
input:
  fixed:
    nstep: [       379]
    lchnk: [       149]
    i: [         2]
    k: [        68]
    jsub: [         1]
    latndx: [        40]
    lonndx: [         1]
    lund: [         6]
    dtsubstep: [  0.36000000000000000E+004]
    temp: [  0.29775449169937525E+003]
    pmid: [  0.97834305473446453E+005]
    aircon: [  0.39518313287081774E-001]
    n_mode: [         4]
    qgas_cur: [  0.91680308299433963E-010,  0.31170104723544978E-013]
    qgas_avg: [  0.00000000000000000E+000,  0.00000000000000000E+000]
    qaer_cur: [  0.79669801339840773E-010,  0.17497013071917525E-009,  0.18688775909098412E-010,  0.31033612062673671E-010,  0.11984491839559319E-009,  0.60347797204615380E-012,  0.47432947310966939E-014,  0.92083837202300829E-012,  0.18263840958704115E-011,  0.00000000000000000E+000,  0.00000000000000000E+000,  0.17782505984622518E-013,  0.00000000000000000E+000,  0.76490580598711759E-018,  0.49065773743525841E-011,  0.99099485127038501E-011,  0.12266389289505784E-011,  0.20054533224727435E-011,  0.13045128560776810E-008,  0.13929633921533165E-011,  0.16705373574540691E-015,  0.00000000000000000E+000,  0.00000000000000000E+000,  0.16466490587485235E-013,  0.76583504561735457E-013,  0.00000000000000000E+000,  0.00000000000000000E+000,  0.10191294310166019E-021,  0.00000000000000000E+000,  0.00000000000000000E+000,  0.00000000000000000E+000,  0.00000000000000000E+000,  0.00000000000000000E+000,  0.00000000000000000E+000,  0.00000000000000000E+000]
    qnum_cur: [  0.56259771004056683E+010,  0.56414234105554295E+010,  0.94227561068414915E+007,  0.20302357723036597E+007,  0.00000000000000000E+000]
    qwtr_cur: [  0.00000000000000000E+000,  0.00000000000000000E+000,  0.00000000000000000E+000,  0.00000000000000000E+000,  0.00000000000000000E+000]
    uptkaer: [  0.10565552536507328E-002,  0.13043891981985513E-002,  0.59926612180306212E-004,  0.73983471609772678E-004,  0.53960650644506458E-004,  0.66618087019353777E-004,  0.11119137835681127E-006,  0.13727330620929161E-006,  0.00000000000000000E+000,  0.00000000000000000E+000]
    lptr2_soa_a_amode: [        18,        25,        34,-999888777]
    max_gas: [         2]
    max_aer: [         7]
    max_mode: [         5]
    npca: [         4]
    npoa: [         1]
    nsoa: [         1]
    nufi: [-999888777]
    ntot_amode: [         4]
    iaer_pom: [         3]
    mode_aging_optaa: [         0,         0,         0,         1,         0]
    a_min1: [  0.99999996826552254E-020]
    g_min1: [  0.99999996826552254E-020]
    alpha_astem: [  0.50000000000000003E-001]
    dtsub_fixed: [ -0.10000000000000000E+001]
    rgas: [  0.83143999999999991E+001]
