mam4xx:
  function: hetfrz_classnuc_calc 
input:
    fixed:
      dt:    0.00
      deltat: 0.6000000000E+03
      temperature: 0.2580337450E+03
      pressure:  0.6433848985E+05
      supersatice: 1.1040983215E+01
      fn: [ 0.0000000000E+00, 0.0000000000E+00, 0.0000000000E+00]
      r3lx: 0.4000000000E-05
      icnlx: 0.7228291816E+03
      hetraer: [ 0.6700000252E-07, 0.2975911183E-06, 0.7807191060E-06]
      awcam: [ 0.2307553765E+00, 0.1969930059E-03, 0.2437033755E-02]
      awfacm: [ 0.4587007863E+00, 0.4587007863E+00, 0.4884884581E+00]
      dstcoat: [ 0.1000000000E+01, 0.1000000000E+01, 0.1000000000E+01]
      total_aer_num: [ 0.1738866107E+02, 0.1484448451E-01, 0.3842325245E-02]
      coated_aer_num: [ 0.1738866107E+02, 0.1484448451E-01, 0.3842325245E-02]
      uncoated_aer_num: [ 0.1738866107E+02, 0.1484448451E-01, 0.3842325245E-02]
      total_interstitial_aer_num: [ 0.1738866107E+02, 0.1484448451E-01, 0.3842325245E-02]
      total_cloudborne_aer_num: [ 0.1738866107E+02, 0.1484448451E-01, 0.3842325245E-02]
     


