# Data at [lat=   16.7209053140754      , lon=   95.1586611207219      , k=          54 , time step=        1111 ] 
mam4xx:
  function: compute_tendencies
input:
  fixed:
    dt:    0.00
    iscldy: [         1]
    nmode: [         4]
    dest_mode_of_mode: [         0,         1,         0,         0,         0]
    qnum_cur: [ 0.1531441362E+11, 0.4409636012E+10, 0.2630796155E+07, 0.5941592060E+10, 0.0000000000E+00]
    qnumcw_cur: [ 0.5130846457E+09, 0.5621150370E+06, 0.1990852445E+06, 0.0000000000E+00, 0.0000000000E+00]
    qaer_del_grow4rnam: [ 0.0000000000E+00, 0.0000000000E+00, 0.0000000000E+00, 0.0000000000E+00, 0.0000000000E+00, 0.0000000000E+00, 0.0000000000E+00, 0.0000000000E+00, 0.0000000000E+00, 0.0000000000E+00, 0.0000000000E+00, 0.0000000000E+00, 0.0000000000E+00, 0.0000000000E+00, 0.0000000000E+00, 0.0000000000E+00, 0.0000000000E+00, 0.0000000000E+00, 0.0000000000E+00, 0.0000000000E+00, 0.0000000000E+00, 0.0000000000E+00, 0.0000000000E+00, 0.0000000000E+00, 0.0000000000E+00, 0.0000000000E+00, 0.0000000000E+00, 0.0000000000E+00, 0.0000000000E+00, 0.0000000000E+00, 0.0000000000E+00, 0.0000000000E+00, 0.0000000000E+00, 0.0000000000E+00, 0.0000000000E+00]
    qaercw_del_grow4rnam: [ 0.0000000000E+00, 0.2041006433E-10, 0.0000000000E+00, 0.0000000000E+00, 0.0000000000E+00, 0.0000000000E+00, 0.0000000000E+00, 0.0000000000E+00, 0.2236045097E-13, 0.0000000000E+00, 0.0000000000E+00, 0.0000000000E+00, 0.0000000000E+00, 0.0000000000E+00, 0.0000000000E+00, 0.7919439181E-14, 0.0000000000E+00, 0.0000000000E+00, 0.0000000000E+00, 0.0000000000E+00, 0.0000000000E+00, 0.0000000000E+00, 0.0000000000E+00, 0.0000000000E+00, 0.0000000000E+00, 0.0000000000E+00, 0.0000000000E+00, 0.0000000000E+00, 0.0000000000E+00, 0.0000000000E+00, 0.0000000000E+00, 0.0000000000E+00, 0.0000000000E+00, 0.0000000000E+00, 0.0000000000E+00]
    qaer_cur: [ 0.4887567558E-09, 0.4803672145E-09, 0.1914789619E-09, 0.3882851723E-09, 0.2626382240E-10, 0.1765235129E-11, 0.9486235670E-15, 0.2128019451E-11, 0.1753219675E-11, 0.0000000000E+00, 0.0000000000E+00, 0.9116488113E-15, 0.0000000000E+00, 0.3159742733E-19, 0.1645566303E-10, 0.2630958610E-10, 0.6844261625E-11, 0.1659679899E-10, 0.1860998583E-09, 0.2610416423E-10, 0.8055700627E-16, 0.0000000000E+00, 0.0000000000E+00, 0.5758929767E-10, 0.1015051969E-09, 0.0000000000E+00, 0.0000000000E+00, 0.1781860403E-20, 0.0000000000E+00, 0.0000000000E+00, 0.0000000000E+00, 0.0000000000E+00, 0.0000000000E+00, 0.0000000000E+00, 0.0000000000E+00]
    qaercw_cur: [ 0.3677918299E-10, 0.5599567342E-10, 0.1461707699E-10, 0.2969295269E-10, 0.1857999653E-11, 0.1267499136E-12, 0.6673043359E-16, 0.9023465941E-14, 0.3077084075E-13, 0.0000000000E+00, 0.0000000000E+00, 0.3839916530E-17, 0.0000000000E+00, 0.1353473107E-21, 0.1344120706E-11, 0.2159745306E-11, 0.5553489092E-12, 0.1350483341E-11, 0.1411206201E-10, 0.2087932798E-11, 0.6538548059E-17, 0.0000000000E+00, 0.0000000000E+00, 0.0000000000E+00, 0.0000000000E+00, 0.0000000000E+00, 0.0000000000E+00, 0.0000000000E+00, 0.0000000000E+00, 0.0000000000E+00, 0.0000000000E+00, 0.0000000000E+00, 0.0000000000E+00, 0.0000000000E+00, 0.0000000000E+00]
