# Data at [lat=  -5.57727434969463      , lon=   184.674947489650      , k=          68 , time step=         379 ] 
mam4xx:
  function: mer07_veh02_nuc_mosaic_1box
input:
  fixed:
    dtnuc: [  0.36000000000000000E+004]
    temp_in: [  0.29775449169937525E+003]
    rh_in: [  0.81985597081405814E+000]
    press_in: [  0.97834305473446453E+005]
    zm_in: [  0.28891463999989116E+003]
    pblh_in: [  0.79393332557991255E+003]
    qh2so4_cur: [  0.33545008036974121E-013]
    qh2so4_avg: [  0.33101653321820026E-013]
    qnh3_cur: [  0.00000000000000000E+000]
    h2so4_uptkrate: [  0.14451280301338871E-002]
    mw_so4a_host: [  0.11500000000000000E+003]
    newnuc_method_flagaa: [        11]
    nsize: [         1]
    maxd_asize: [         1]
    dplom_sect: [  0.12485878488089052E-007]
    dphim_sect: [  0.52000000000000002E-007]
    ldiagaa: [        -1]
    rgas: [  0.83144675910000014E+001]
    avogad: [  0.60221399999999997E+024]
    mw_so4a: [  0.96000000000000000E+002]
    mw_nh4a: [  0.18000000000000000E+002]
