# Data at [lat=  -13.2292708024991      , lon=   139.817062054960      , k=          47 , time step=         355 ] 
mam4xx:
  function: calc_sox_aqueous
input:
  fixed:
    dt:    0.00
    modal_aerosols: [         1]
    rah2o2: [ 0.2299048586E+06]
    h2o2g: [ 0.1950914917E-09]
    so2g: [ 0.1398888325E-10]
    o3g: [ 0.3525157484E-07]
    rao3: [ 0.2293484540E+07]
    patm: [ 0.5212504349E+00]
    dtime: [ 0.3600000000E+04]
    t_factor: [ 0.3415485654E-03]
    xlwc: [ 0.2045167481E-07]
    const0: [ 0.1660302175E-20]
    xhnm: [ 0.1414006739E+20]
    heo3: [ 0.2756953511E-01]
    heso2: [ 0.4232233599E+04]
    xso2: [ 0.1401575499E-10]
    xso4: [ 0.2538078474E-10]
    xso4_init: [ 0.0000000000E+00]
    xh2o2: [ 0.2579731039E-09]
