# This file was automatically generated using the following command:
# ./merge_ensembles.py mam_calc_sox_aqueous_ts_355_kk_37.py mam_calc_sox_aqueous_ts_355_kk_47.py

mam4xx:
  function: calc_sox_aqueous
input:
  enumerated:
    const0: [[1.660302175e-21], [1.660302175e-21]]
    dt: [0.0, 0.0]
    dtime: [[3600.0], [3600.0]]
    h2o2g: [[1.449458958e-12], [1.950914917e-10]]
    heo3: [[0.1772207508], [0.02756953511]]
    heso2: [[1394691.906], [4232.233599]]
    modal_aerosols: [[1], [1]]
    o3g: [[3.320974478e-08], [3.525157484e-08]]
    patm: [[0.2330199987], [0.5212504349]]
    rah2o2: [[16199.63824], [229904.8586]]
    rao3: [[7604852.026], [2293484.54]]
    so2g: [[8.288438427e-12], [1.398888325e-11]]
    t_factor: [[0.001068378555], [0.0003415485654]]
    xh2o2: [[9.095418644e-11], [2.579731039e-10]]
    xhnm: [[7.563840017e+18], [1.414006739e+19]]
    xlwc: [[3.811135505e-08], [2.045167481e-08]]
    xso2: [[1.645944394e-11], [1.401575499e-11]]
    xso4: [[7.008637581e-15], [2.538078474e-11]]
    xso4_init: [[0.0007152100476], [0.0]]
