# Data at [lat=  -13.2292708024991      , lon=   139.817062054960      , k=          47 , time step=         355 ] 
mam4xx:
  function: calc_ph_values
input:
  fixed:
    dt:    0.00
    temperature: [ 0.2704710575E+03]
    patm: [ 0.5212504349E+00]
    xlwc: [ 0.2045167481E-07]
    t_factor: [ 0.3415485654E-03]
    xso2: [ 0.1401575499E-10]
    xso4: [ 0.2538078474E-10]
    xhnm: [ 0.1414006739E+20]
    so4_fact: [ 0.1000000000E+01]
    Ra: [ 0.8205280039E-01]
    xkw: [ 0.1000000000E-13]
    const0: [ 0.1660302175E-20]
