# Data at [lat=  -13.2292708024991      , lon=   139.817062054960      , k=          47 , time step=         355 ] 
mam4xx:
  function: calc_ynetpos
input:
  fixed:
    dt:    0.00
    yph: [ 0.4500000000E+01]
    fact1_so2: [ 0.9053783481E-12]
    fact2_so2: [ 0.1620489001E-05]
    fact3_so2: [ 0.3471076418E-01]
    fact4_so2: [ 0.8795971763E-07]
    Eco2: [ 0.3840367910E-11]
    Eh2o: [ 0.1000000000E-13]
    Eso4: [ 0.2913498396E-04]
    so4_fact: [ 0.1000000000E+01]
