# Data at [lat=  -13.2292708024991      , lon=   139.817062054960      , k=          37 , time step=         355 ] 
mam4xx:
  function: calc_sox_aqueous
input:
  fixed:
    dt:    0.00
    modal_aerosols: [         1]
    rah2o2: [ 0.1619963824E+05]
    h2o2g: [ 0.1449458958E-11]
    so2g: [ 0.8288438427E-11]
    o3g: [ 0.3320974478E-07]
    rao3: [ 0.7604852026E+07]
    patm: [ 0.2330199987E+00]
    dtime: [ 0.3600000000E+04]
    t_factor: [ 0.1068378555E-02]
    xlwc: [ 0.3811135505E-07]
    const0: [ 0.1660302175E-20]
    xhnm: [ 0.7563840017E+19]
    heo3: [ 0.1772207508E+00]
    heso2: [ 0.1394691906E+07]
    xso2: [ 0.1645944394E-10]
    xso4: [ 0.7008637581E-14]
    xso4_init: [ 0.7152100476E-03]
    xh2o2: [ 0.9095418644E-10]
