# Data at [lat=  -13.2292708024991      , lon=   139.817062054960      , k=          51 , time step=         355 ] 
mam4xx:
  function: setsox
input:
  fixed:
    dt:    0.00
    ncol: [         4]
    loffset: [         9]
    dtime: [ 0.3600000000E+04]
    press: [ 0.6753476429E+05]
    pdel: [ 0.3395589227E+04]
    tfld: [ 0.2804313949E+03]
    mbar: [ 0.2896600000E+02]
    lwc: [ 0.6161223535E-19]
    cldfrc: [ 0.4131862680E-01]
    cldnum: [ 0.1000000000E-11]
    xhnm: [ 0.1744283847E+20]
    qcw: [ 0.0000000000E+00, 0.0000000000E+00, 0.0000000000E+00, 0.0000000000E+00, 0.0000000000E+00, 0.0000000000E+00, 0.0000000000E+00, 0.0000000000E+00, 0.0000000000E+00, 0.0000000000E+00, 0.0000000000E+00, 0.0000000000E+00, 0.0000000000E+00, 0.0000000000E+00, 0.0000000000E+00, 0.0000000000E+00, 0.0000000000E+00, 0.0000000000E+00, 0.0000000000E+00, 0.0000000000E+00, 0.0000000000E+00, 0.0000000000E+00, 0.0000000000E+00, 0.0000000000E+00, 0.0000000000E+00, 0.0000000000E+00, 0.0000000000E+00, 0.0000000000E+00, 0.0000000000E+00, 0.0000000000E+00, 0.0000000000E+00]
    qin: [ 0.3535379752E-07, 0.1118556121E-09, 0.1995769752E-13, 0.2433004510E-11, 0.2291127136E-12, 0.3717964795E-10, 0.1138542516E-09, 0.2491717570E-09, 0.2253095070E-08, 0.3390091237E-10, 0.4585812463E-12, 0.8946720770E-11, 0.3891580054E-15, 0.6483274310E+10, 0.3520384006E-11, 0.1098978968E-09, 0.1239028229E-14, 0.6875694162E-19, 0.1609234212E+11, 0.1461002261E-11, 0.6937543758E-10, 0.1337569100E-10, 0.4186728267E-11, 0.2656753863E-10, 0.1666223857E-09, 0.5118951031E-16, 0.8038981136E+06, 0.5376641139E-11, 0.1230094574E-11, 0.2714275891E-21, 0.4978976956E+08]
