# This file was automatically generated using the following command:
# ./merge_ensembles.py mam_setsox_ts_355_xlwc_large.py mam_setsox_ts_355_xlwc_small.py

mam4xx:
  function: setsox_test
input:
  enumerated:
    cldfrc: [[0.7653835562], [0.0413186268]]
    cldnum: [[21450491.48], [1.0e-12]]
    dt: [0.0, 0.0]
    dtime: [[3600.0], [3600.0]]
    loffset: [[9], [9]]
    lwc: [[2.302286341e-05], [6.161223535e-20]]
    mbar: [[28.966], [28.966]]
    ncol: [[4], [4]]
    pdel: [[3883.421302], [3395.589227]]
    press: [[52802.66906], [67534.76429]]
    qcw: [[0.0, 0.0, 0.0, 0.0, 0.0, 0.0, 1.82129643e-11, 2.432565542e-11, 2.454017849e-10, 3.567337656e-12, 4.159584725e-14, 8.950397033e-13, 3.594812481e-17, 481812927.0, 7.580693633e-14, 2.408959105e-12, 8.383888225e-18, 4.271204856e-22, 16487920.32, 1.141617399e-13, 6.886564669e-12, 1.137264049e-12, 3.791380267e-13, 2.311807532e-12, 1.340284959e-11, 4.317459265e-18, 80856.61862, 0.0, 0.0, 0.0, 0.0], [0.0, 0.0, 0.0, 0.0, 0.0, 0.0, 0.0, 0.0, 0.0, 0.0, 0.0, 0.0, 0.0, 0.0, 0.0, 0.0, 0.0, 0.0, 0.0, 0.0, 0.0, 0.0, 0.0, 0.0, 0.0, 0.0, 0.0, 0.0, 0.0, 0.0, 0.0]]
    qin: [[3.525157528e-08, 2.579731039e-10, 1.889793408e-13, 1.401575499e-11, 9.273687127e-12, 1.839610018e-10, 6.962117637e-11, 9.532668198e-11, 9.878474612e-10, 1.392619425e-11, 1.643483379e-13, 3.557021547e-12, 1.42794345e-16, 4980337770.0, 4.033946091e-12, 1.392812315e-10, 5.086494829e-16, 2.634613374e-20, 28034417250.0, 4.03824131e-13, 2.496475156e-11, 3.886307438e-12, 1.289740453e-12, 7.84113226e-12, 4.534748825e-11, 1.468133938e-17, 294000.8493, 7.620773644e-12, 1.611532411e-12, 2.143351104e-22, 65514523.34], [3.535379752e-08, 1.118556121e-10, 1.995769752e-14, 2.43300451e-12, 2.291127136e-13, 3.717964795e-11, 1.138542516e-10, 2.49171757e-10, 2.25309507e-09, 3.390091237e-11, 4.585812463e-13, 8.94672077e-12, 3.891580054e-16, 6483274310.0, 3.520384006e-12, 1.098978968e-10, 1.239028229e-15, 6.875694162e-20, 16092342120.0, 1.461002261e-12, 6.937543758e-11, 1.3375691e-11, 4.186728267e-12, 2.656753863e-11, 1.666223857e-10, 5.118951031e-17, 803898.1136, 5.376641139e-12, 1.230094574e-12, 2.714275891e-22, 49789769.56]]
    tfld: [[270.4710575], [280.4313949]]
    xhnm: [[1.414006739e+19], [1.744283847e+19]]
