# Data at [lat=  -13.2292708024991      , lon=   139.817062054960      , k=          51 , time step=         355 ] 
mam4xx:
  function: calc_refin_complex
input:
  fixed:
    dt:    0.00
    ncol: [         4]
    lwsw: [         0]
    ilwsw: [        12]
    qaerwat_kk: [  0.25740129879361954E-009]
    specvol: [  0.26201656359475905E-014,  0.73670252069405808E-013,  0.30030146615038981E-013,  0.10212133742407920E-014,  0.11016457449418870E-013,  0.69091399389367688E-013,  0.27605910988036402E-015]
    real_specrefindex: [  0.17400000095367432E+001,   0.17599999904632568E+001,   0.17768253534613785E+001,   0.14562358459100335E+001,   0.14099999666213989E+001,   0.14800000190734863E+001,   0.15645552820532893E+001,   0.16278195955474566E+001,   0.14018739663018567E+001,   0.14328285235262355E+001,   0.15583482436912355E+001,   0.14518376197399370E+001,   0.14849572829719710E+001,   0.14862854599969817E+001,   0.14803025598384423E+001,   0.14800000190734863E+001]
    imag_specrefindex: [  0.10000000000000000E+001,   0.19785713880836517E+000,   0.12920634015821120E+000,   0.38117902429922405E-001,   0.19202088701924074E-001,   0.14000000432133675E-001,   0.16455532057003227E-001,   0.28887216253951641E-001,   0.12437802684066298E-001,   0.63585730887387795E-002,   0.19588581769255153E-001,   0.28995723655090215E-002,   0.16773501741425170E-002,   0.13999999500811100E-002,   0.13999999500811100E-002,   0.17573429153395659E-002]
    crefwsw_real: [  0.14080419492173064E+001,  0.13244615717446935E+001,  0.12767258327968858E+001,  0.13018471675645114E+001,  0.13120512752249858E+001,  0.13213011060924078E+001,  0.13228362072391699E+001,  0.13268364503535273E+001,  0.13309678718736435E+001,  0.13336699543428605E+001,  0.13395468489307689E+001,  0.13485208551470478E+001,  0.13619999885559082E+001,  0.12907830166534777E+001]
    crefwsw_imag: [  0.14204204351483354E-001,  0.15765920940430392E+000,  0.15163440105313781E-002,  0.11590624732428264E-002,  0.23552752148862631E-003,  0.17119691152115037E-003,  0.24362600165005084E-004,  0.31275836026567939E-005,  0.37432359836515027E-007,  0.16384103437390295E-008,  0.24943495590988433E-008,  0.15241380046632561E-007,  0.33500000995445589E-007,  0.34382551791928936E-001]
    crefwlw_real: [  0.15319999456405640E+001,  0.15238571629737940E+001,  0.14200634583739498E+001,  0.12743083533132997E+001,  0.11613867729593963E+001,  0.11422215321622600E+001,  0.12321887071198885E+001,  0.12664360408361874E+001,  0.12956866229272195E+001,  0.13206592851346644E+001,  0.13415164811226956E+001,  0.13151923356351090E+001,  0.13302350688798716E+001,  0.13390576435793151E+001,  0.13504251253518216E+001,  0.14080419492173064E+001]
    crefwlw_imag: [  0.33599999547004700E+000,  0.36000000848663516E+000,  0.42623809491789971E+000,  0.40341723688319797E+000,  0.32062716721606321E+000,  0.11484398345815849E+000,  0.47102818424324955E-001,  0.39012784922480066E-001,  0.33731340818640508E-001,  0.34377065729677109E-001,  0.92165176558236070E-001,  0.12109402046963983E-001,  0.13147863213525245E-001,  0.10131193067045532E-001,  0.48662362136059770E-002,  0.14204204351483354E-001]
