# Data at [lat=  -13.2292708024991      , lon=   139.817062054960      , k=          51 , time step=         355 ] 
mam4xx:
  function: update_aod_spec
input:
  fixed:
    dt:    0.00
    scath2o: [  0.82311147606397293E-012]
    absh2o: [ -0.10111904763559041E-020]
    sumhygro: [  0.27168163535835007E-012]
    sumscat: [  0.28110435855827377E-011]
    sumabs: [ -0.12412054510810687E-013]
    hygro_s: [  0.55924622541961198E-016]
    palb: [  0.95001719732746914E+000]
    dopaer: [  0.30605624267874931E-002]
    scat_s: [  0.12829766347861686E-014]
    abs_s: [ -0.16008897501676748E-017]
    aod_s: [  0.40147139978248075E-004]
