# Data at [lat=  -13.2292708024991      , lon=   139.817062054960      , k=          51 , time step=         355 ] 
mam4xx:
  function: modal_aero_water_uptake_dr_wetdens
input:
  fixed:
    dt:    0.00
    ncol: [         4]
    state_q: [  0.68180139952394485E-002,  0.61612235352309186E-019,  0.00000000000000000E+000,  0.99999999999999998E-012,  0.99999999999999998E-012,  0.22639024264140262E-004,  0.00000000000000000E+000,  0.13814913844627267E+003,  0.99999999999999998E-012,  0.58706524071310286E-007,  0.12401128754926542E-009,  0.14005683919878758E-013,  0.53698932861517208E-011,  0.51110418966793659E-012,  0.16142212706307355E-010,  0.44532346772861045E-009,  0.10401818897155113E-009,  0.94683946108195812E-009,  0.13956305429944697E-010,  0.21842096442308311E-011,  0.18453138640926451E-010,  0.34507629327626965E-011,  0.22644560386308911E+009,  0.13828788722391678E-010,  0.44911668662294969E-010,  0.25822610864046813E-014,  0.62673443409146083E-015,  0.52813249709472317E+009,  0.70850428155939332E-011,  0.14382289734633774E-009,  0.54452325926840698E-010,  0.17711658522666975E-011,  0.11252288162962945E-010,  0.71040837523932781E-010,  0.45198780240144968E-012,  0.28676741959984025E+005,  0.20744671098680253E-011,  0.47999271864821833E-012,  0.23166979867096358E-017,  0.16168139464559781E+007]
    temperature: [  0.28042613855821509E+003]
    pmid: [  0.67534764287528786E+005]
    cldn: [  0.41318626797705364E-001]
    dgncur_a: [  0.13309781764795754E-006,  0.41322781416386175E-007,  0.13946315835381453E-005,  0.10000000116860974E-006]
    dgncur_awet: [  0.15104680269228388E-006,  0.46349562499436428E-007,  0.18625030055298015E-005,  0.10000000593488497E-006]
    qaerwat: [  0.61144714750481631E-009,  0.21517734667909920E-010,  0.26179840657271162E-009,  0.32446873522823296E-018]
    wetdens: [  0.11084797328149145E+004,  0.10815836708438142E+004,  0.12125532670737184E+004,  0.10846228661266491E+004]