# Data at [lat=  -13.2292708024991      , lon=   139.817062054960      , k=          51 , time step=         355 ] 
mam4xx:
  function: modal_aero_water_uptake_wetaer
input:
  fixed:
    dt:    0.00
    ncol: [         4]
    rhcrystal: [ 0.3500000000E+00, 0.3500000000E+00, 0.3500000000E+00, 0.3500000000E+00]
    rhdeliques: [ 0.8000000000E+00, 0.8000000000E+00, 0.8000000000E+00, 0.8000000000E+00]
    dgncur_a: [ 0.1330978176E-06, 0.4132278142E-07, 0.1394631584E-05, 0.1000000012E-06]
    dryrad: [ 0.1117402402E-06, 0.2877830753E-07, 0.1170841648E-05, 0.6964271883E-07]
    hygro: [ 0.2052752129E+00, 0.1944073080E+00, 0.5890183536E+00, 0.6149771289E-07]
    rh: [ 0.7098335324E+00]
    naer: [ 0.2264456039E+09, 0.5281324971E+09, 0.2867674196E+05, 0.1665751220E+07]
    dryvol: [ 0.5844096935E-20, 0.9983535284E-22, 0.6723309375E-17, 0.1414867471E-20]