# Data at [lat=  -13.2292708024991      , lon=   139.817062054960      , k=          51 , time step=         355 ] 
mam4xx:
  function: modal_aero_water_uptake_dr
input:
  fixed:
    dt:    0.00
    ncol: [         4]
    state_q: [  0.68180139952394485E-002,  0.61612235352309186E-019,  0.00000000000000000E+000,  0.99999999999999998E-012,  0.99999999999999998E-012,  0.22639024264140262E-004,  0.00000000000000000E+000,  0.13814913844627267E+003,  0.99999999999999998E-012,  0.58583119668861477E-007,  0.12784088312867668E-009,  0.16125848955519582E-013,  0.60519596333300300E-011,  0.54659467078195389E-012,  0.14719074966737088E-010,  0.45244286569388789E-009,  0.10332120324778153E-009,  0.93426516888544207E-009,  0.14057303681117377E-010,  0.21382943913102809E-011,  0.18051109657236574E-010,  0.33599932814412162E-011,  0.22547989159562689E+009,  0.13989575318017815E-010,  0.45570104199102631E-010,  0.24998918608418559E-014,  0.59364797513946475E-015,  0.55967083668254542E+009,  0.68124306534637351E-011,  0.13997347893187103E-009,  0.53153359508618998E-010,  0.17360627362093466E-011,  0.11016457449418870E-010,  0.69091399389367683E-010,  0.44197063491846281E-012,  0.27958536203648600E+005,  0.22294685421438640E-011,  0.51006907155631033E-012,  0.23435079403760472E-017,  0.17316222718871087E+007]
    temperature: [  0.28042613855821509E+003]
    pmid: [  0.67534764287528786E+005]
    cldn: [  0.41318626797705364E-001]
    dgncur_a: [  0.13296867982226441E-006,  0.40722600236372860E-007,  0.13940175036899678E-005,  0.10000000116860974E-006]
    dgncur_awet: [  0.15094451334045419E-006,  0.45679717546395274E-007,  0.18618834005191755E-005,  0.10000000565600026E-006]
    qaerwat: [  0.61043445692200670E-009,  0.21782002886449975E-010,  0.25288364698059905E-009,  0.32889967890730148E-018]
    list_idx_in: [         0]