mam_box:
  name: modal_aero_coag_time

input:
 fixed:
  wetdens: [1000.0000000000000,        1445.6018518518520,        1445.6018518518517,       1000.0000000000001]
  dgn_awet: [2.3999999999999998E-007,4.8000000000000000E-008,2.3999999999999999E-006,9.5999999999999999E-008, 0.0]
  temp: 298.0
  pmid: 100000.0
  totaltime: 1800
  qnum_cur: [2477572000000.0000,        24775720000000.000,        2477572.0000000000,       4955144000000.0000,0.0]
  qaer_cur1: [3.2751376570104878E-007,  0.0000000000000000,       0.0000000000000000,       0.0000000000000000,0.0]
  qaer_cur2: [0.0000000000000000,       3.4530067780747110E-008,  0.0000000000000000,       0.0000000000000000,0.0]
  qaer_cur3: [ 0.0000000000000000,       0.0000000000000000,       7.5612960690111701E-010,  0.0000000000000000, 0.0]
  qaer_cur4: [0.0,  0.0, 0.0,  2.3930442454453742E-008, 0.0]
  qaer_cur5: [0.0,  0.0, 0.0,  0.0, 0.0]
  qaer_cur6: [0.0,  0.0, 0.0,  0.0, 0.0]
  qaer_cur7: [0.0,  0.0, 0.0,  0.0, 0.0]

 lattice:
  deltat: [1, 5, 10, 50, 100, 300, 600, 900]

