mam_box:
  name: mam_coag_1subarea

input:
 fixed:
  nstep: 1800
  lchnk: 1
  i: 1
  k: 1
  jsub: 1
  latndx: -1
  lonndx: -1
  lund: 93
  deltat: 1
  n_mode: 4
  dgn_a: [1.1701024167240939E-007, 2.7656966213478584E-008, 2.1274589394983520E-006, 5.0677064791456824E-008,0.0]
  dgn_awet: [1.2638351144429599E-007,2.9756030032807321E-008,2.3000668431356306E-006,5.0677064792233057E-008,0.0]
  wetdens: [1373.4271008601177, 1377.8279737773473, 1372.3639642507221, 1699.9999999678332, 1000.0]
  qnum_cur: [2254563959.1997604, 31814046252.260620, 2253176.1488415725, 4506352297.6831455, 0.0]
  qaer_cur1: [2.6508599071948712E-011, 2.0066195307219107E-012,1.5918431890268632E-010,7.0108454660219653E-015,0.0]
  qaer_cur2: [3.4552368065866088E-011,2.7784403289156503E-012,2.0762698814086667E-010,1.7268375317694885E-015, 0.0]
  qaer_cur3: [0.0,  0.0, 0.0,  0.0, 0.0]
  qaer_cur4: [0.0,  0.0, 0.0,  0.0, 0.0]
  qaer_cur5: [9.0724020749946479E-011,6.8302320989511096E-012,5.4525090614694077E-010, 0.0,0.0]
  qaer_cur6: [0.0,  0.0, 0.0,  0.0, 0.0]
  qaer_cur7: [0.0,  0.0, 0.0,  0.0, 0.0]
  qaer_del_coag_in: [0.0, 0.0, 0.0, 0.0, 0.0, 0.0, 0.0]
  qwtr_cur: [1.3011555099276006E-010,9.2545484074841402E-012,7.9287993825575805E-010,2.1321950092413042E-021,0.0]
 
 lattice:
  temp: [180., 298., 1]
  pmid: [1000, 100000., 100]

