# Data at [lat=   16.7209053140754      , lon=   95.1586611207219      , k=          54 , time step=        1416 ] 
mam4xx:
  function: compute_tendencies
input:
  fixed:
    dt:    0.00
    lamda: [ 0.8712940717E-07]
    kfmat: [ 0.3256635422E-11]
    kfmac: [ 0.3210390006E-11]
    kfmatac: [ 0.3233264697E-11]
    knc: [ 0.1471191895E-15]
    dgatk: [ 0.7185055288E-07]
    dgacc: [ 0.2076746571E-06]
    sgatk: [ 0.1600000000E+01]
    sgacc: [ 0.1800000000E+01]
    xxlsgat: [ 0.4700036292E+00]
    xxlsgac: [ 0.5877866649E+00]
