# Data at [lat=  -13.2292708024991      , lon=   139.817062054960      , k=          54 , time step=         355 ] 
mam4xx:
  function: compute_massflux
input:
  fixed:
    dt:    0.00
    ii: 1
    icol: 2
    ktop: 48
    kbot: 71
    xx_mfup_max: 0
    dpdry_i: [ 0.4765070038E-11, 0.7035664904E-11, 0.1038821682E-10, 0.1533828715E-10, 0.2264710651E-10, 0.3343863818E-10, 0.4937242326E-10, 0.7289878786E-10, 0.1076356587E-09, 0.1589249343E-09, 0.2087974210E-09, 0.2729924357E-09, 0.3462826740E-09, 0.4257457076E-09, 0.5067320514E-09, 0.5829370958E-09, 0.6467709753E-09, 0.7078321953E-09, 0.7531472877E-09, 0.7745217206E-09, 0.7665986208E-09, 0.7256396525E-09, 0.6501465518E-09, 0.6680386871E-09, 0.7248126163E-09, 0.7864118560E-09, 0.8532455119E-09, 0.9257589768E-09, 0.1004434976E-08, 0.1089795461E-08, 0.1182409649E-08, 0.1282897822E-08, 0.1391925535E-08, 0.1498909140E-08, 0.1621599841E-08, 0.1759360886E-08, 0.1908817141E-08, 0.2070921566E-08, 0.2246679744E-08, 0.2437159724E-08, 0.2643389839E-08, 0.2866642561E-08, 0.3108248017E-08, 0.3369612514E-08, 0.3652397152E-08, 0.3850919299E-08, 0.3859307795E-08, 0.3805533186E-08, 0.3666455103E-08, 0.3543544734E-08, 0.3372297809E-08, 0.3152991638E-08, 0.2889401869E-08, 0.2583581065E-08, 0.2238811208E-08, 0.1859872616E-08, 0.1513253436E-08, 0.1337291223E-08, 0.1306377665E-08, 0.1273368575E-08, 0.1238298367E-08, 0.1201247665E-08, 0.1162285659E-08, 0.1121415683E-08, 0.1078592861E-08, 0.1033926141E-08, 0.9876006995E-09, 0.9398629986E-09, 0.8906918340E-09, 0.8398955378E-09, 0.6299115581E-09, 0.2926118545E-09]
    du: [ 0, 0, 0, 0, 0, 0, 0, 0, 0, 0, 0, 0, 0, 0, 0, 0, 0, 0, 0, 0, 0, 0, 0, 0, 0, 0, 0, 0, 0, 0, 0, 0, 0, 0, 0, 0, 0, 0, 0, 0, 0, 0, 0, 0, 0, 0, 0, 0.5931125871E-07, 0, 0, 0, 0, 0, 0, 0, 0, 0, 0, 0, 0, 0, 0, 0, 0, 0, 0, 0, 0, 0, 0, 0, 0]
    eu: [ 0, 0, 0, 0, 0, 0, 0, 0, 0, 0, 0, 0, 0, 0, 0, 0, 0, 0, 0, 0, 0, 0, 0, 0, 0, 0, 0, 0, 0, 0, 0, 0, 0, 0, 0, 0, 0, 0, 0, 0, 0, 0, 0, 0, 0, 0, 0, 0, 0.3362508108E-06, 0.2990082413E-06, 0.2691476474E-06, 0.2447379402E-06, 0.2248764830E-06, 0.2088854006E-06, 0.1962457107E-06, 0.1864566676E-06, 0.1789683946E-06, 0.1729816846E-06, 0.1677020882E-06, 0.1627919613E-06, 0.1582058164E-06, 0.1539344168E-06, 0.1499645185E-06, 0.1462743320E-06, 0.1428539136E-06, 0.1396938622E-06, 0.1367604949E-06, 0.1340399171E-06, 0.1314232504E-06, 0.1288147024E-06, 0.2224467111E-06, 0]
    ed: [ 0, 0, 0, 0, 0, 0, 0, 0, 0, 0, 0, 0, 0, 0, 0, 0, 0, 0, 0, 0, 0, 0, 0, 0, 0, 0, 0, 0, 0, 0, 0, 0, 0, 0, 0, 0, 0, 0, 0, 0, 0, 0, 0, 0, 0, 0, 0, 0, 0.4531137436E-05, 0.4534876034E-06, 0.4879672565E-06, 0.5220609019E-06, 0.5550373995E-06, 0.5862523151E-06, 0.6151461032E-06, 0.6408613414E-06, 0.6627918769E-06, 0.6817792654E-06, 0.6998151165E-06, 0.7178477132E-06, 0.7357271401E-06, 0.7534460469E-06, 0.7709790395E-06, 0.7882504605E-06, 0.8052376209E-06, 0.8219192611E-06, 0.8381202301E-06, 0.8537614331E-06, 0.8681163210E-06, 0.8804490271E-06,-0.6198410683E-05, 0]
