# Data at [lat=  -13.2292708024991      , lon=   139.817062054960      , k=          54 , time step=         355 ] 
mam4xx:
  function: ma_activate_convproc
input:
  fixed:
    dt:    0.00
    pcnst_extd: 80
    f_ent: 0.3036903622E-01
    dt_u: 0.7956304995E+03
    wup: 0.3518837909E+01
    tair: 0.2854111562E+03
    rhoair: 0.9353223498E+00
    kk: 54
    kactfirst: 68
    conu: [ 0, 0, 0, 0, 0, 0, 0, 0, 0, 0, 0, 0, 0, 0, 0, 0.1246528361E-10, 0.3267065728E-11, 0.2912954411E-10, 0.3569117268E-12, 0.6215604377E-13, 0.1080639600E-11, 0.2078453796E-12, 0.1478662810E+08, 0.9867628714E-11, 0.4653496281E-11, 0.1050567248E-14, 0.3034918950E-15, 0.7224266567E+09, 0.2906691963E-12, 0.7790407777E-11, 0.2005084468E-11, 0.6320403958E-13, 0.4128962683E-12, 0.2509374360E-11, 0.1800343434E-13, 0.1491502503E+04, 0.5052892693E-11, 0.1143625810E-11, 0.1532462249E-17, 0.3698507249E+07, 0, 0, 0, 0, 0, 0, 0, 0, 0, 0, 0, 0, 0, 0, 0, 0.4001499260E-09, 0.1290650259E-09, 0.4688258949E-09, 0.2292534646E-10, 0.9041193130E-12, 0.2436622893E-10, 0.4690311126E-11, 0.1456036947E+09, 0.1883349627E-10, 0.2716439844E-11, 0.1625742445E-14, 0.3835046575E-15, 0.2984226931E+08, 0.6078551604E-11, 0.2318619678E-09, 0.5450889802E-10, 0.1950644470E-11, 0.1178186135E-10, 0.5627782146E-10, 0.5318929817E-12, 0.4346341337E+05, 0, 0, 0, 0]
    dconudt: [ 0, 0, 0, 0, 0, 0, 0, 0, 0, 0, 0, 0, 0, 0, 0, 0, 0, 0, 0, 0, 0, 0, 0, 0, 0, 0, 0, 0, 0, 0, 0, 0, 0, 0, 0, 0, 0, 0, 0, 0, 0, 0, 0, 0, 0, 0, 0, 0, 0, 0, 0, 0, 0, 0, 0, 0, 0, 0, 0, 0, 0, 0, 0, 0, 0, 0, 0, 0, 0, 0, 0, 0, 0, 0, 0, 0, 0, 0, 0, 0]
