# Data at [lat=  -13.2292708024991      , lon=   139.817062054960      , k=          51 , time step=         355 ] 
mam4xx:
  function: update_qnew_ptend
input:
  fixed:
    dt: 0.3600000000E+04
    is_update_ptend: 0
    ncol: 4
    dotend: [ 0, 0, 0, 0, 0, 0, 0, 0, 0, 0, 0, 0, 0, 0, 0, 1, 1, 1, 1, 1, 1, 1, 1, 1, 1, 1, 1, 1, 1, 1, 1, 1, 1, 1, 1, 1, 1, 1, 1, 1]
    species_class: [ 0, 0, 0, 0, 0, 0, 0, 0, 0, 3, 3, 3, 3, 3, 3, 2, 2, 2, 2, 2, 2, 2, 2, 2, 2, 2, 2, 2, 2, 2, 2, 2, 2, 2, 2, 2, 2, 2, 2, 2]
    dqdt: [ 0, 0, 0, 0, 0, 0, 0, 0, 0, 0, 0, 0, 0, 0, 0,-0.1223763818E-17,-0.2858454703E-18,-0.2601946580E-17,-0.3835239518E-19,-0.6002281324E-20,-0.5070984359E-19,-0.9482812220E-20,-0.2812514082E+00,-0.2010996463E-19,-0.6531100348E-19,-0.3755150227E-23,-0.9114035622E-24,-0.1429630241E+01,-0.1342577165E-16,-0.2676411369E-15,-0.8966374371E-16,-0.3070181181E-17,-0.1941137583E-16,-0.1149334449E-15,-0.7944592135E-18,-0.1898841547E-01,-0.2479442560E-20,-0.5736964299E-21,-0.2768961512E-26, 0.5642014688E+00]
    qsrflx: [ 0, 0, 0, 0, 0, 0.4940656458, 0, 0, 0, 0, 0, 0, 0, 0,-0.8100571000E-03, 0, 0, 0,-0.2969883100E-02, 0.6411435204E+00, 0.6000000000E+00, 0.7822354604E+00, 0.1000000000E+01, 0.4510718690E+00, 0, 0, 0, 0, 0.1920318998E+04, 0, 0, 0, 0, 0, 0.1427503839E+00, 0, 0.1518040414E+01, 0, 0, 0]
    qnew: [ 0.6818013995E-02, 0.6161223535E-19, 0, 0.1000000000E-11, 0.1000000000E-11, 0.2263902426E-04, 0, 0.1381491384E+03, 0.1000000000E-11, 0.5870652407E-07, 0.1240112875E-09, 0.1400568392E-13, 0.5369893286E-11, 0.5111041897E-12, 0.1614221271E-10, 0.4453234677E-09, 0.1040181890E-09, 0.9468394611E-09, 0.1395630543E-10, 0.2184209644E-11, 0.1845313864E-10, 0.3450762933E-11, 0.2264456039E+09, 0.1382878872E-10, 0.4491166866E-10, 0.2582261086E-14, 0.6267344341E-15, 0.5281324971E+09, 0.7085042816E-11, 0.1438228973E-09, 0.5445232593E-10, 0.1771165852E-11, 0.1125228816E-10, 0.7104083752E-10, 0.4519878024E-12, 0.2867674196E+05, 0.2074467110E-11, 0.4799927186E-12, 0.2316697987E-17, 0.1616813946E+07]
    ptend_lq: [ 0, 0, 0, 0, 0, 0, 0, 0, 0, 0, 0, 0, 0, 0, 0, 1, 1, 1, 1, 1, 1, 1, 1, 1, 1, 1, 1, 1, 1, 1, 1, 1, 1, 1, 1, 1, 1, 1, 1, 1]
    ptend_q: [ 0, 0, 0, 0, 0, 0, 0, 0, 0, 0, 0, 0, 0, 0, 0,-0.1223763818E-17,-0.2858454703E-18,-0.2601946580E-17,-0.3835239518E-19,-0.6002281324E-20,-0.5070984359E-19,-0.9482812220E-20,-0.2812514082E+00,-0.2010996463E-19,-0.6531100348E-19,-0.3755150227E-23,-0.9114035622E-24,-0.1429630241E+01,-0.1342577165E-16,-0.2676411369E-15,-0.8966374371E-16,-0.3070181181E-17,-0.1941137583E-16,-0.1149334449E-15,-0.7944592135E-18,-0.1898841547E-01,-0.2479442560E-20,-0.5736964299E-21,-0.2768961512E-26, 0.5642014688E+00]

