# Data at [lat=  -13.2292708024991      , lon=   139.817062054960      , k=          51 , time step=         355 ] 
mam4xx:
  function: update_qnew_ptend
input:
  fixed:
    dt: 0.3600000000E+04
    is_update_ptend: 1
    ncol: 4
    dotend: [ 0, 0, 0, 0, 0, 0, 0, 0, 0, 0, 0, 0, 0, 0, 0, 1, 1, 1, 1, 1, 1, 1, 1, 1, 1, 1, 1, 1, 1, 1, 1, 1, 1, 1, 1, 1, 1, 1, 1, 1]
    species_class: [ 0, 0, 0, 0, 0, 0, 0, 0, 0, 3, 3, 3, 3, 3, 3, 2, 2, 2, 2, 2, 2, 2, 2, 2, 2, 2, 2, 2, 2, 2, 2, 2, 2, 2, 2, 2, 2, 2, 2, 2]
    dqdt: [ 0, 0, 0, 0, 0, 0, 0, 0, 0, 0, 0, 0, 0, 0, 0, 0.1978834310E-14,-0.1933213000E-15,-0.3490256997E-14, 0.2809342217E-16,-0.1274823464E-16,-0.1116240078E-15,-0.2520430922E-16,-0.2679721562E+03, 0.4468305319E-16, 0.1829640712E-15,-0.2287658528E-19,-0.9189771639E-20, 0.8762079516E+04,-0.6229982894E-16,-0.8016417560E-15,-0.2711602614E-15,-0.6680684391E-17,-0.4609715571E-16,-0.4265771481E-15,-0.1988087310E-17,-0.1805131835E+00, 0.4305843285E-16, 0.8355116171E-17, 0.7449978313E-23, 0.3132700004E+02]
    qsrflx: [ 0, 0, 0, 0, 0, 0.4940656458, 0, 0, 0, 0, 0, 0, 0, 0,-0.8100571000E-03, 0, 0, 0,-0.2969883100E-02, 0.6411435204E+00, 0.6000000000E+00, 0.7822354604E+00, 0.1000000000E+01, 0.4510718690E+00, 0, 0, 0, 0, 0.1920318998E+04, 0, 0, 0, 0, 0, 0.1427503839E+00, 0, 0.1518040414E+01, 0, 0, 0]
    qnew: [ 0.6818013995E-02, 0.6161223535E-19, 0, 0.1000000000E-11, 0.1000000000E-11, 0.2263902426E-04, 0, 0.1381491384E+03, 0.1000000000E-11, 0.5870652407E-07, 0.1240112875E-09, 0.1400568392E-13, 0.5369893286E-11, 0.5111041897E-12, 0.1614221271E-10, 0.4453190622E-09, 0.1040171599E-09, 0.9468300941E-09, 0.1395616736E-10, 0.2184188036E-11, 0.1845295609E-10, 0.3450728795E-11, 0.2264445914E+09, 0.1382871633E-10, 0.4491143354E-10, 0.2582247568E-14, 0.6267311530E-15, 0.5281273504E+09, 0.7036710038E-11, 0.1428593893E-09, 0.5412953645E-10, 0.1760113200E-11, 0.1118240721E-10, 0.7062707712E-10, 0.4491277492E-12, 0.2860838366E+05, 0.2074458184E-11, 0.4799906533E-12, 0.2316688018E-17, 0.1618845072E+07]
    ptend_lq: [ 0, 0, 0, 0, 0, 0, 0, 0, 0, 0, 0, 0, 0, 0, 0, 1, 1, 1, 1, 1, 1, 1, 1, 1, 1, 1, 1, 1, 1, 1, 1, 1, 1, 1, 1, 1, 1, 1, 1, 1]
    ptend_q: [ 0, 0, 0, 0, 0, 0, 0, 0, 0, 0, 0, 0, 0, 0, 0,-0.1223763818E-17,-0.2858454703E-18,-0.2601946580E-17,-0.3835239518E-19,-0.6002281324E-20,-0.5070984359E-19,-0.9482812220E-20,-0.2812514082E+00,-0.2010996463E-19,-0.6531100348E-19,-0.3755150227E-23,-0.9114035622E-24,-0.1429630241E+01,-0.1342577165E-16,-0.2676411369E-15,-0.8966374371E-16,-0.3070181181E-17,-0.1941137583E-16,-0.1149334449E-15,-0.7944592135E-18,-0.1898841547E-01,-0.2479442560E-20,-0.5736964299E-21,-0.2768961512E-26, 0.5642014688E+00]
