# Data at [lat=   39.0553303768561      , lon=   262.904774388088      , k=          70 , time step=        1415 ] 
mam4xx:
  function: lin_strat_sfcsink
input:
  fixed:
    dt:    0.00
    ncol: [         4]
    lchnk: [       137]
    delta_t: [  0.36000000000000000E+004]
    pdel: [  0.81892176620561804E+003]
    o3l_vmr: [  0.55938203020011289E-007]
    pcols: [         4]
    pver: [        72]
    mwdry: [  0.28966000000000001E+002]
    mwo3: [  0.48000000000000000E+002]
    rgrav: [  0.10197671667604852E+000]
    do_lin_strat_chem: [         1]
    o3_tau: [  0.17280000000000000E+006]
    o3_lbl: [         4]
    o3_sfc: [  0.29999999999999997E-007]
