# Data at [lat=   39.0553303768561      , lon=   262.904774388088      , k=          30 , time step=        1415 ] 
mam4xx:
  function: lin_strat_chem_solve_multicol
input:
  fixed:
    dt:    0.00
    ncol: [         4]
    lchnk: [       137]
    o3col: [  0.59083566062296771E+019,  0.63881505017333350E+019,  0.67185510358317005E+019,  0.75476755236381327E+019]
    temp: [  0.20887468644569276E+003,  0.19636465774313203E+003,  0.21505833215545329E+003,  0.21332591529915322E+003]
    sza: [  0.25071139925464982E+001,  0.35999416840929355E+000,  0.13866436444354977E+001,  0.17788853176049404E+001]
    pmid: [  0.13368217993210610E+005,  0.13368217993210610E+005,  0.13368217993210610E+005,  0.13368217993210610E+005]
    delta_t: [  0.36000000000000000E+004]
    rlats: [  0.68518123468168590E+000, -0.97846918415695358E-001,  0.68518123468168590E+000,  0.14321972701768837E+001]
    ltrop: [        26,        26,        35,        35]
    linoz_o3_clim: [  0.48805216928770306E-006,  0.55130635134352983E-007,  0.48805216928770306E-006,  0.10807300668470661E-005]
    linoz_t_clim: [  0.21560620142107837E+003,  0.20429272302426065E+003,  0.21560620142107837E+003,  0.21497891322140970E+003]
    linoz_o3col_clim: [  0.28129475708039644E+003,  0.23380630743823198E+003,  0.28129475708039644E+003,  0.31038139360975157E+003]
    linoz_PmL_clim: [ -0.43128065224621557E-015,  0.11520869345205356E-013, -0.43128065224621557E-015, -0.35414872008572820E-014]
    linoz_dPmL_dO3: [ -0.10763546333103021E-007, -0.56745013620428351E-007, -0.10763546333103021E-007, -0.19899153036392823E-008]
    linoz_dPmL_dT: [ -0.10512533934886399E-015,  0.43406407335273576E-015, -0.10512533934886399E-015, -0.43066047002222057E-016]
    linoz_dPmL_dO3col: [ -0.62495118574710029E-017, -0.12120017994453363E-015, -0.62495118574710029E-017,  0.14770794943699679E-017]
    linoz_cariolle_psc: [  0.28506880653600129E-007,  0.28506880653600129E-007,  0.28506880653600129E-007,  0.28506880653600129E-007]
    o3_vmr: [  0.21024412919743203E-006,  0.45196058433835686E-007,  0.46650558221438391E-006,  0.94020310842820466E-006]
    pcols: [         4]
    pver: [        72]
    chlorine_loading: [  0.32864836736409750E+001]
    do_lin_stratchem: [         1]
    radians_to_degrees: [  0.57295779513082323E+002]
    chlorine_loading_bgnd: [  0.00000000000000000E+000]
    psc_T: [  0.19750000000000000E+003]
