# Data at [lat=   39.0553303768561      , lon=   262.904774388088      , k=          54 , time step=        1400 ] 
mam4xx:
  function: adjrxt
input:
  fixed:
    dt:    0.00
    ncol: [         4]
    inv: [0.2094011845E+020,0.1654269358E+020,0.4397424875E+019,0.4018888826E+017,0.8706654328E+006,0.5852783930E+008,0.8204468844E+008,0.1151649027E+013]
    mtot: [0.2094011845E+020]
    rate: [-.9876543200E+008,0.4874449546E-011,0.1547236166E-011,0.9808320566E-012,0.3830369767E-011,0.1132613951E-010,0.1463821484E-011]
    pver: [        72]
    nfs: [         8]
    rxntot: [         7]
