# Data at [lat=   39.0553303768561      , lon=   262.904774388088      , k=          54 , time step=        1416 ] 
mam4xx:
  function: usrrxt
input:
  fixed:
    dt:    0.00
    ncol: [         4]
    temp: [  0.25132448065995982E+003]
    invariants: [  0.21287907044506137E+020,  0.16817446565159848E+020,  0.44704604793462886E+019,  0.30195331333669776E+017,  0.89633500023180619E+006,  0.60338235285535358E+008,  0.84131872113582030E+008,  0.11712566664683718E+013]
    mtot: [  0.21287907044506137E+020]
    rxt: [ -0.98765432000000000E+008, -0.98765432000000000E+008,  0.15343142501393238E-011, -0.98765432000000000E+008,  0.37836752320571907E-011, -0.98765432000000000E+008,  0.15042691833808192E-011]
    nfs: [         8]
    rxntot: [         7]
    inv_h2o_ndx: [         4]
    t0: [  0.30000000000000000E+003]
    usr_HO2_HO2_ndx: [         2]
    usr_DMS_OH_ndx: [         6]
    usr_SO2_OH_ndx: [         4]
