# Data at [lat=   16.7209053140754      , lon=   95.1586611207219      , k=          54 , time step=        1416 ] 
mam4xx:
  function: compute_tendencies
input:
  fixed:
    dt:    0.00
    deltat: [ 0.3600000000E+04]
    temp: [ 0.2785271976E+03]
    pmid: [ 0.7455859940E+05]
    aircon: [ 0.3219553800E-01]
    dgn_a: [ 0.1617881819E-06, 0.5715908913E-07, 0.1152469516E-05, 0.1000000012E-06, 0.0000000000E+00]
    dgn_awet: [ 0.2076746571E-06, 0.7185055288E-07, 0.1906700812E-05, 0.1000000018E-06, 0.0000000000E+00]
    wetdens: [ 0.1119326722E+04, 0.1087762736E+04, 0.1163535780E+04, 0.1058881652E+04, 0.1000000000E+04]
    qnum_cur: [ 0.2785493168E+11, 0.2653541833E+10, 0.3842768383E+07, 0.6597712901E+10, 0.0000000000E+00]
    qaer_cur: [ 0.1033273594E-08, 0.1381943617E-08, 0.2887985588E-09, 0.7609051804E-09, 0.4133104793E-10, 0.2165093323E-11, 0.1258795859E-14, 0.3653549288E-11, 0.2456800711E-11, 0.0000000000E+00, 0.0000000000E+00, 0.7191706833E-15, 0.0000000000E+00, 0.1924837364E-19, 0.1692520580E-10, 0.2780669355E-10, 0.6009118684E-11, 0.1441705073E-10, 0.2561732073E-09, 0.2787116898E-10, 0.5685584207E-16, 0.2406117188E-12, 0.9503866207E-13, 0.6134100590E-10, 0.1196708248E-09, 0.0000000000E+00, 0.0000000000E+00, 0.2696897442E-20, 0.0000000000E+00, 0.0000000000E+00, 0.0000000000E+00, 0.0000000000E+00, 0.0000000000E+00, 0.0000000000E+00, 0.0000000000E+00]
