mam4xx:
  function: compute_tendencies
input:
  fixed:
    interstitial: [ 0.7299469308E-09, 0.1811687805E-08, 0.2991980389E-08, 0.1911597588E-09, 0.1123090476E-09, 0.7563458575E-11, 0.1356030726E-11, 0.2715374903E-11, 0.1327543704E-10, 0.1034802167E-16, 0.9187966638E-17, 0.3683174593E-09, 0.2421325192E-10, 0.1126298407E-10, 0.2008344526E-11, 0.1872262953E-10, 0.3028730249E-10, 0.4394763138E-13, 0.1065451952E-08, 0.1107541088E-09, 0.1828532564E-16]
    interstitial_num: [ 0.6298684716E+09, 0.4787904689E+08, 0.6472553148E+05, 0.7326120905E+09]
    pressure : 1e5
    temperature : 273.
    updraft_vel_ice_nucleation : 0.01
    cloud_fraction : 0.01
    dry_diameter_aitken : 0.5200000000E-07
