mam4xx:
  function: nucleati
input:
  fixed:
    pmid : 0.9377624033E+05
    cldn : 0.999
    relhum : 0.8382408292
    rhoair :  0.1373572514E+01
    dst3_num : 0.9478315467E-03
    subgrid : 0.1200000000E+01
  lattice:
    wbar : [0.2, 0.5, 1.0]
    so4_num: [1, 100, 622, 100] 
    tair : [200, 230., 240]
