# Data at [lat=   71.9201421331276      , lon=   71.5690366721838      , k=          64 , time step=        1402 ] 
mam4xx:
  function: nucleati
input:
  fixed:
    dt:    0.00
    wbar: [ 0.2000000000E+00]
    tair: [ 0.2378457014E+03]
    pmid: [ 0.9377624033E+05]
    relhum: [ 0.8382408292E+00]
    cldn: [ 0.9990000000E+00]
    rhoair: [ 0.1373572514E+01]
    so4_num: [ 0.6224210438E+02]
    dst3_num: [ 0.9478315467E-03]
    subgrid: [ 0.1200000000E+01]
