# This file was automatically generated using the following command:
# ./merge_ensembles.py nucleati_output_ts_1402.py nucleati_output_ts_1403.py nucleati_output_ts_1404.py nucleati_output_ts_1406.py nucleati_output_ts_1410.py
mam4xx:
  function: nucleati
input:
  enumerated:
    cldn: [[0.999], [0.999], [0.7120661434], [0.331647452], [0.999]]
    dst3_num: [[0.0009478315467], [0.0008633937165], [0.002138105217], [0.002117117105], [0.01542388755]]
    dt: [0.0, 0.0, 0.0, 0.0, 0.0]
    pmid: [[93776.24033], [91349.0301], [23463.78114], [23457.38215], [36912.36844]]
    relhum: [[0.8382408292], [0.8297163298], [0.7452682855], [0.7628700627], [0.7092935911]]
    rhoair: [[1.373572514], [1.342996745], [0.3784315403], [0.3779369685], [0.5416944083]]
    so4_num: [[62.24210438], [59.01113453], [5.353090275], [5.303462857], [10.45423629]]
    subgrid: [[1.2], [1.2], [1.2], [1.2], [1.2]]
    tair: [[237.8457014], [236.9643763], [216.0054731], [216.2291542], [237.3950401]]
    wbar: [[0.2], [0.2], [0.2], [0.2], [0.2]]
