# Data at [lat=   39.0553303768561      , lon=   262.904774388088      , k=          54 , time step=        1413 ] 
mam4xx:
  function: get_dtdz
input:
  fixed:
    pm: [  0.72464334858145390E+005]
    pmk: [  0.24469107414180282E+002]
    pmid1d_up: [  0.71159910352611172E+005]
    pmid1d_down: [  0.73785749968427845E+005]
    temp1d_up: [  0.24961247644450839E+003]
    temp1d_down: [  0.25157915543785055E+003]
    cnst_kap: [  0.28571658640413355E+000]
    cnst_faktor: [ -0.34162768385490476E-001]
