# Data at [lat=   39.0553303768561      , lon=   262.904774388088      , k=          54 , time step=        1409 ] 
mam4xx:
  function: get_dtdz
input:
  fixed:
    pm: [  0.72540783406353046E+005]
    pmk: [  0.24476480256527296E+002]
    pmid1d_up: [  0.71234524599070704E+005]
    pmid1d_down: [  0.73864062758506552E+005]
    temp1d_up: [  0.25019565718114058E+003]
    temp1d_down: [  0.25178144533419078E+003]
    cnst_kap: [  0.28571658640413355E+000]
    cnst_faktor: [ -0.34162768385490476E-001]
