# Data at [lat=   39.0553303768561      , lon=   262.904774388088      , k=          54 , time step=        1404 ] 
mam4xx:
  function: get_dtdz
input:
  fixed:
    pm: [  0.72367721179265354E+005]
    pmk: [  0.24459781856931123E+002]
    pmid1d_up: [  0.71065614819345807E+005]
    pmid1d_down: [  0.73686780312465751E+005]
    temp1d_up: [  0.25079206173266559E+003]
    temp1d_down: [  0.25308128012383537E+003]
    cnst_kap: [  0.28571658640413355E+000]
    cnst_faktor: [ -0.34162768385490476E-001]
