# Data at [lat=   39.0553303768561      , lon=   262.904774388088      , k=          54 , time step=        1406 ] 
mam4xx:
  function: get_dtdz
input:
  fixed:
    pm: [  0.72451012249370819E+005]
    pmk: [  0.24467821988231034E+002]
    pmid1d_up: [  0.71146907405901293E+005]
    pmid1d_down: [  0.73772102480388843E+005]
    temp1d_up: [  0.25014130207985065E+003]
    temp1d_down: [  0.25245615022939714E+003]
    cnst_kap: [  0.28571658640413355E+000]
    cnst_faktor: [ -0.34162768385490476E-001]
