# Data at [lat=   39.0553303768561      , lon=   262.904774388088      , k=          54 , time step=        1402 ] 
mam4xx:
  function: get_dtdz
input:
  fixed:
    pm: [  0.72310119577696008E+005]
    pmk: [  0.24454217676696206E+002]
    pmid1d_up: [  0.71009395310398584E+005]
    pmid1d_down: [  0.73627774066186757E+005]
    temp1d_up: [  0.25154766635629971E+003]
    temp1d_down: [  0.25384080921851435E+003]
    cnst_kap: [  0.28571658640413355E+000]
    cnst_faktor: [ -0.34162768385490476E-001]
