# Data at [lat=   39.0553303768561      , lon=   262.904774388088      , k=          54 , time step=        1415 ] 
mam4xx:
  function: get_dtdz
input:
  fixed:
    pm: [  0.72493309698918398E+005]
    pmk: [  0.24471902456057570E+002]
    pmid1d_up: [  0.71188189972599139E+005]
    pmid1d_down: [  0.73815431377122688E+005]
    temp1d_up: [  0.24917192506074466E+003]
    temp1d_down: [  0.25135635383372892E+003]
    cnst_kap: [  0.28571658640413355E+000]
    cnst_faktor: [ -0.34162768385490476E-001]
