# Data at [lat=   39.0553303768561      , lon=   262.904774388088      , k=          54 , time step=        1416 ] 
mam4xx:
  function: get_dtdz
input:
  fixed:
    pm: [  0.72543799337482065E+005]
    pmk: [  0.24476771004803584E+002]
    pmid1d_up: [  0.71237468166176754E+005]
    pmid1d_down: [  0.73867152234897410E+005]
    temp1d_up: [  0.24900593433803576E+003]
    temp1d_down: [  0.25125485225062022E+003]
    cnst_kap: [  0.28571658640413355E+000]
    cnst_faktor: [ -0.34162768385490476E-001]
