# Data at [lat=   39.0553303768561      , lon=   262.904774388088      , k=          54 , time step=        1410 ] 
mam4xx:
  function: get_dtdz
input:
  fixed:
    pm: [  0.72514680100586964E+005]
    pmk: [  0.24473963428688194E+002]
    pmid1d_up: [  0.71209047614179770E+005]
    pmid1d_down: [  0.73837322908353613E+005]
    temp1d_up: [  0.25002583181366370E+003]
    temp1d_down: [  0.25169061370797536E+003]
    cnst_kap: [  0.28571658640413355E+000]
    cnst_faktor: [ -0.34162768385490476E-001]
