# Data at [lat=   39.0553303768561      , lon=   262.904774388088      , k=          54 , time step=        1417 ] 
mam4xx:
  function: get_dtdz
input:
  fixed:
    pm: [  0.72573764634530744E+005]
    pmk: [  0.24479659314842522E+002]
    pmid1d_up: [  0.71266714478333088E+005]
    pmid1d_down: [  0.73897848253595628E+005]
    temp1d_up: [  0.24874724170831706E+003]
    temp1d_down: [  0.25116092138846039E+003]
    cnst_kap: [  0.28571658640413355E+000]
    cnst_faktor: [ -0.34162768385490476E-001]
