# Data at [lat=   39.0553303768561      , lon=   262.904774388088      , k=          54 , time step=        1412 ] 
mam4xx:
  function: get_dtdz
input:
  fixed:
    pm: [  0.72467086531935580E+005]
    pmk: [  0.24469372887161839E+002]
    pmid1d_up: [  0.71162596002874314E+005]
    pmid1d_down: [  0.73788568743330252E+005]
    temp1d_up: [  0.24976256133062128E+003]
    temp1d_down: [  0.25166057965921004E+003]
    cnst_kap: [  0.28571658640413355E+000]
    cnst_faktor: [ -0.34162768385490476E-001]
