# Data at [lat=   39.0553303768561      , lon=   262.904774388088      , k=          54 , time step=        1414 ] 
mam4xx:
  function: get_dtdz
input:
  fixed:
    pm: [  0.72468323373376799E+005]
    pmk: [  0.24469492211455311E+002]
    pmid1d_up: [  0.71163803167603095E+005]
    pmid1d_down: [  0.73789835745846271E+005]
    temp1d_up: [  0.24936608287253554E+003]
    temp1d_down: [  0.25151401152975339E+003]
    cnst_kap: [  0.28571658640413355E+000]
    cnst_faktor: [ -0.34162768385490476E-001]
