# Data at [lat=   39.0553303768561      , lon=   262.904774388088      , k=          54 , time step=        1400 ] 
mam4xx:
  function: get_dtdz
input:
  fixed:
    pm: [  0.72312618907561220E+005]
    pmk: [  0.24454459171819163E+002]
    pmid1d_up: [  0.71011834671327393E+005]
    pmid1d_down: [  0.73630334343471710E+005]
    temp1d_up: [  0.25235648463892670E+003]
    temp1d_down: [  0.25467172855773859E+003]
    cnst_kap: [  0.28571658640413355E+000]
    cnst_faktor: [ -0.34162768385490476E-001]
