# Data at [lat=   39.0553303768561      , lon=   262.904774388088      , k=          54 , time step=        1405 ] 
mam4xx:
  function: get_dtdz
input:
  fixed:
    pm: [  0.72410275403431922E+005]
    pmk: [  0.24463890464173343E+002]
    pmid1d_up: [  0.71107147998368746E+005]
    pmid1d_down: [  0.73730372244093567E+005]
    temp1d_up: [  0.25043921905242092E+003]
    temp1d_down: [  0.25276305114019732E+003]
    cnst_kap: [  0.28571658640413355E+000]
    cnst_faktor: [ -0.34162768385490476E-001]
