# Data at [lat=   39.0553303768561      , lon=   262.904774388088      , k=          54 , time step=        1403 ] 
mam4xx:
  function: get_dtdz
input:
  fixed:
    pm: [  0.72332857500513521E+005]
    pmk: [  0.24456414485033196E+002]
    pmid1d_up: [  0.71031587659435987E+005]
    pmid1d_down: [  0.73651066464810152E+005]
    temp1d_up: [  0.25115610335309742E+003]
    temp1d_down: [  0.25344591960440539E+003]
    cnst_kap: [  0.28571658640413355E+000]
    cnst_faktor: [ -0.34162768385490476E-001]
