# Data at [lat=   39.0553303768561      , lon=   262.904774388088      , k=          54 , time step=        1411 ] 
mam4xx:
  function: get_dtdz
input:
  fixed:
    pm: [  0.72492384254482531E+005]
    pmk: [  0.24471813195912915E+002]
    pmid1d_up: [  0.71187286733223111E+005]
    pmid1d_down: [  0.73814483365194654E+005]
    temp1d_up: [  0.24989035144233088E+003]
    temp1d_down: [  0.25169871960941350E+003]
    cnst_kap: [  0.28571658640413355E+000]
    cnst_faktor: [ -0.34162768385490476E-001]
