# Data at [lat=   39.0553303768561      , lon=   262.904774388088      , k=          54 , time step=        1408 ] 
mam4xx:
  function: get_dtdz
input:
  fixed:
    pm: [  0.72531905567997179E+005]
    pmk: [  0.24475624345949146E+002]
    pmid1d_up: [  0.71225859774914366E+005]
    pmid1d_down: [  0.73854968428838663E+005]
    temp1d_up: [  0.25017451460557280E+003]
    temp1d_down: [  0.25199340139389398E+003]
    cnst_kap: [  0.28571658640413355E+000]
    cnst_faktor: [ -0.34162768385490476E-001]
