# Data at [lat=   39.0553303768561      , lon=   262.904774388088      , k=          54 , time step=        1407 ] 
mam4xx:
  function: get_dtdz
input:
  fixed:
    pm: [  0.72495152890752724E+005]
    pmk: [  0.24472080231534235E+002]
    pmid1d_up: [  0.71189988938996932E+005]
    pmid1d_down: [  0.73817319516245640E+005]
    temp1d_up: [  0.25008288588395445E+003]
    temp1d_down: [  0.25221102938751423E+003]
    cnst_kap: [  0.28571658640413355E+000]
    cnst_faktor: [ -0.34162768385490476E-001]
