# Data at [lat=   39.0553303768561      , lon=   262.904774388088      , k=          54 , time step=        1401 ] 
mam4xx:
  function: get_dtdz
input:
  fixed:
    pm: [  0.72315730862525801E+005]
    pmk: [  0.24454759852865891E+002]
    pmid1d_up: [  0.71014871958028234E+005]
    pmid1d_down: [  0.73633522185031456E+005]
    temp1d_up: [  0.25195961304885412E+003]
    temp1d_down: [  0.25428700936522768E+003]
    cnst_kap: [  0.28571658640413355E+000]
    cnst_faktor: [ -0.34162768385490476E-001]
