# This file was automatically generated using the following command:
# ./merge_ensembles calculate_ustar_over_water_output_ts_100.py calculate_ustar_over_water_output_ts_300.py calculate_ustar_over_water_output_ts_300_loc2_has_snow.py calculate_ustar_over_water_output_ts_1000_loc3_over_water.py

mam4xx:
  function: calculate_ustar_over_water
input:
  enumerated:
    beglt: [[1], [1], [1], [1]]
    diffk: [[1.461e-05], [1.461e-05], [1.461e-05], [1.461e-05]]
    dt: [0.0, 0.0, 0.0, 0.0]
    endlt: [[11], [11], [11], [11]]
    fr_lnduse: [[1, 1, 1, 1, 0, 1, 1, 1, 0, 0, 1], [1, 1, 1, 1, 0, 1, 1, 1, 0, 0, 1], [1, 0, 1, 1, 1, 1, 1, 1, 0, 0, 1], [0, 0, 0, 0, 0, 0, 1, 0, 0, 0, 0]]
    index_season: [[1, 1, 1, 1, 1, 1, 1, 1, 1, 1, 1], [1, 1, 1, 1, 1, 1, 1, 1, 1, 1, 1], [4, 4, 4, 4, 4, 4, 4, 4, 4, 4, 4], [1, 1, 1, 1, 1, 1, 1, 1, 1, 1, 1]]
    ncol: [[4], [4], [4], [4]]
    ribn: [[0.2], [-1.2100418490932332], [-0.035697676249964824], [-0.39727170786113664]]
    unstable: [[0], [1], [1], [1]]
    uustar: [[0.03198781076259495], [0.3395594415377216], [2.9335023410482277], [0.12901879149872647]]
    zl: [[12.816427027976749], [13.505708784823883], [11.495025186520767], [13.304651089489907]]
