# This file was automatically generated using the following command:
# ./merge_ensembles calculate_aerodynamic_and_quasilaminar_resistance_output_ts_100.py calculate_aerodynamic_and_quasilaminar_resistance_output_ts_300.py calculate_aerodynamic_and_quasilaminar_resistance_output_ts_300_loc2_has_snow.py calculate_aerodynamic_and_quasilaminar_resistance_output_ts_1000_loc3_over_water.py

settings:

input:
  enumerated:
    beglt: [[1], [1], [1], [1]]
    cvar: [[0.1568179929522602, 0.10159963363338688, 0.07211807192497728, 0.1568179929522602, 0.0, 0.1568179929522602, 0.03274602665979373, 0.04563430412217459, 0.0, 0.0, 0.08241793106339043], [0.15366220428897573, 0.10026553245438333, 0.07144330989555366, 0.15366220428897573, 0.0, 0.15366220428897573, 0.03143184772074747, 0.04536319754534266, 0.0, 0.0, 0.08153784348595224], [0.1638059091282429, 0.0, 0.04278226032608977, 0.1638059091282429, 0.1638059091282429, 0.1638059091282429, 0.036608406547943916, 0.04620793192829556, 0.0, 0.0, 0.07066151326814434], [0.0, 0.0, 0.0, 0.0, 0.0, 0.0, 0.030804146996236775, 0.0, 0.0, 0.0, 0.0]]
    dt: [0.0, 0.0, 0.0, 0.0]
    endlt: [[11], [11], [11], [11]]
    fr_lnduse: [[1, 1, 1, 1, 0, 1, 1, 1, 0, 0, 1], [1, 1, 1, 1, 0, 1, 1, 1, 0, 0, 1], [1, 0, 1, 1, 1, 1, 1, 1, 0, 0, 1], [0, 0, 0, 0, 0, 0, 1, 0, 0, 0, 0]]
    ncol: [[4], [4], [4], [4]]
    obklen: [[13.080654067092725, 20.1898554546581, 28.443382671658227, 13.080654067092725, 0.0, 13.080654067092725, 62.64216231836481, 44.9504371056585, 0.0, 0.0, 24.888781977875546], [-8.155132298175696, -11.932365183156294, -17.369775671958195, -8.155132298175696, 0.0, -8.155132298175696, -62.332997465739695, -33.31886702756376, 0.0, 0.0, -14.862637879178367], [-23.13997834358706, 0.0, -91.15562622753593, -23.13997834358706, -23.13997834358706, -23.13997834358706, -108.3664050941612, -83.78622671845963, 0.0, 0.0, -53.510746273298395], [0.0, 0.0, 0.0, 0.0, 0.0, 0.0, -49.833810112287416, 0.0, 0.0, 0.0, 0.0]]
    ustar: [[0.05084981060455382, 0.0409295966705676, 0.034483667412204856, 0.05084981060455382, 0.0, 0.05084981060455382, 0.02323649928409124, 0.027430713884208955, 0.0, 0.0, 0.03686398224219336], [0.2869067254120614, 0.23672974686638734, 0.19649660852535877, 0.2869067254120614, 0.0, 0.2869067254120614, 0.10931674804528765, 0.14407491525175525, 0.0, 0.0, 0.21221118413015858], [0.7182892674129593, 0.0, 0.3622890278699641, 0.7182892674129593, 0.7182892674129593, 0.7182892674129593, 0.332913637100603, 0.3776742557981497, 0.0, 0.0, 0.47237997047133484], [0.0, 0.0, 0.0, 0.0, 0.0, 0.0, 0.06501498839468185, 0.0, 0.0, 0.0, 0.0]]
    zl: [[12.816427027976749], [13.505708784823883], [11.495025186520767], [13.304651089489907]]
